PersonID	CoordID	X	Y	Z	Date	Time	TimeDiff	Distance	rawSpeed	Acceleration	SimpleSpeed	Density	breakPointType	breakPointCriterium
104149403	0	 -122.09698	38.00894	-1.0	23.5.2012	10:23:56	0	0.0	34.2	0.5645351571231907	NaN	0	stopPointEnd	startOfFile
104149403	1	 -122.09745	38.0091	-1.0	23.5.2012	10:23:59	3	33.57159836622071	32.900001	0.5639246605976592	11.190532788740237	0		
104149403	2	 -122.0979	38.00926	-1.0	23.5.2012	10:24:2	3	32.53671028919022	32.900001	0.6366479720093827	10.84557009639674	0		
104149403	3	 -122.09835	38.00943	-1.0	23.5.2012	10:24:5	3	36.485917493370295	33.599998	0.5628774225189728	12.161972497790098	0		
104149403	4	 -122.09883	38.00961	-1.0	23.5.2012	10:24:8	3	41.18333757032372	34.799999	0.4046018037634189	13.727779190107908	0		
104149403	5	 -122.09933	38.0098	-1.0	23.5.2012	10:24:11	3	44.56143293012087	36.0	0.27433575163596896	14.853810976706958	0		
104149403	6	 -122.09983	38.00999	-1.0	23.5.2012	10:24:14	3	46.87254290326911	36.0	0.2294849934163287	15.624180967756368	0		
104149403	7	 -122.10034	38.01018	-1.0	23.5.2012	10:24:17	3	48.78778172680338	36.7	0.19607962514488525	16.26259390893446	0		
104149403	8	 -122.10086	38.01039	-1.0	23.5.2012	10:24:20	3	50.65211037139544	37.299999	0.1730385946466441	16.884036790465146	0		
104149403	9	 -122.10139	38.0106	-1.0	23.5.2012	10:24:23	3	52.34274251925093	39.099998	0.15196759767162848	17.447580839750312	0		
104149403	10	 -122.10195	38.01082	-1.0	23.5.2012	10:24:26	3	54.03864522828814	41.0	0.12905425108919602	18.012881742762712	0		
104149403	11	 -122.10252	38.01105	-1.0	23.5.2012	10:24:29	3	55.19592428388897	41.599998	0.1040188134488137	18.39864142796299	0		
104149403	12	 -122.10309	38.01128	-1.0	23.5.2012	10:24:32	3	56.12190189424537	41.599998	0.07300651990789607	18.707300631415123	0		
104149403	13	 -122.10368	38.0115	-1.0	23.5.2012	10:24:35	3	57.09359408268376	42.900001	0.027604620357247624	19.031198027561253	0		
104149403	14	 -122.10428	38.01173	-1.0	23.5.2012	10:24:38	3	57.73142362086254	42.900001	0.03632168444245909	19.24380787362085	0		
104149403	15	 -122.10488	38.01197	-1.0	23.5.2012	10:24:41	3	57.659094688101426	43.5	0.10985839097377818	19.219698229367143	0		
104149403	16	 -122.10549	38.0122	-1.0	23.5.2012	10:24:44	3	56.66726331153665	43.5	0.17451235703703868	18.889087770512216	0		
104149403	17	 -122.10609	38.0124	-1.0	23.5.2012	10:24:47	3	54.64496313955288	41.0	0.2192102264170863	18.214987713184293	0		
104149403	18	 -122.10668	38.01251	-1.0	23.5.2012	10:24:50	3	52.31999923519022	39.099998	0.25106106674538126	17.439999745063407	0		
104149403	19	 -122.10728	38.01253	-1.0	23.5.2012	10:24:53	3	49.99852890989874	38.5	0.28044035930419015	16.66617630329958	0		
104149403	20	 -122.10784	38.01253	-1.0	23.5.2012	10:24:56	3	46.781658394316835	34.799999	0.3055289606081978	15.593886131438945	0		
104149403	21	 -122.10834	38.0125	-1.0	23.5.2012	10:24:59	3	43.298808942220404	30.399999	0.32311027895557126	14.432936314073467	0		
104149403	22	 -122.10879	38.01249	-1.0	23.5.2012	10:25:2	3	40.13539293657174	28.0	0.34100069795322174	13.37846431219058	0		
104149403	23	 -122.10921	38.0125	-1.0	23.5.2012	10:25:5	3	37.172966752048325	26.7	0.36862825550509476	12.390988917349441	0		
104149403	24	 -122.10961	38.01251	-1.0	23.5.2012	10:25:8	3	33.840759310375944	24.899999	0.4014612566711506	11.280253103458648	0		
104149403	25	 -122.10997	38.0125	-1.0	23.5.2012	10:25:11	3	29.6736665369068	21.1	0.4221744671966309	9.891222178968933	0		
104149403	26	 -122.11026	38.01249	-1.0	23.5.2012	10:25:14	3	24.969504743344864	18.0	0.41178398617097756	8.323168247781622	0		
104149403	27	 -122.1105	38.01246	-1.0	23.5.2012	10:25:17	3	20.58908750710628	13.699999	0.34454952808000905	6.8630291690354275	0		
104149403	28	 -122.11065	38.0124	-1.0	23.5.2012	10:25:20	3	16.62090092811439	8.699999	0.16097772021563972	5.540300309371464	1		
104149403	29	 -122.11079	38.0124	-1.0	23.5.2012	10:25:23	3	14.460528164105618	9.899999	0.16002755377575034	4.820176054701872	1		
104149403	30	 -122.11092	38.01233	-1.0	23.5.2012	10:25:26	3	16.454032154685994	9.3	0.4223901598465727	5.484677384895331	0		
104149403	31	 -122.11094	38.01213	-1.0	23.5.2012	10:25:29	3	22.227524994607137	15.5	0.4874984803221639	7.409174998202379	0		
104149403	32	 -122.11085	38.01184	-1.0	23.5.2012	10:25:32	3	27.619839463785116	22.399999	0.4261651554514336	9.206613154595038	0		
104149403	33	 -122.11082	38.01154	-1.0	23.5.2012	10:25:35	3	31.111664426914285	23.6	0.33416890084082823	10.370554808971429	0		
104149403	34	 -122.1108	38.01121	-1.0	23.5.2012	10:25:38	3	34.17799941148986	28.0	0.2541986730783819	11.39266647049662	0		
104149403	35	 -122.11081	38.01087	-1.0	23.5.2012	10:25:41	3	36.38729530098156	28.6	0.18705337116291174	12.129098433660522	0		
104149403	36	 -122.11081	38.01052	-1.0	23.5.2012	10:25:44	3	38.367456487295456	29.2	0.12461298684291464	12.789152162431819	0		
104149403	37	 -122.11081	38.01015	-1.0	23.5.2012	10:25:47	3	39.69392864199143	30.399999	0.059602651415243416	13.231309547330476	0		
104149403	38	 -122.11079	38.00978	-1.0	23.5.2012	10:25:50	3	40.37782185164223	29.799999	0.14369930670724332	13.459273950547411	0		
104149403	39	 -122.11079	38.00937	-1.0	23.5.2012	10:25:53	3	39.788885498354524	34.2	0.01863051274320728	13.26296183278484	0		
104149403	40	 -122.11079	38.00896	-1.0	23.5.2012	10:25:56	3	38.79819281254103	33.599998	0.6923034845014372	12.932730937513677	0		
104149403	41	 -122.11079	38.00855	-1.0	23.5.2012	10:25:59	3	42.025279760112	33.599998	1.3699649665734654	14.008426586704	0		
104149403	42	 -122.11084	38.00789	-1.0	23.5.2012	10:26:4	5	89.67684547948606	32.900001	0.5825656650653439	17.93536909589721	0		
104149403	43	 -122.11082	38.00731	-1.0	23.5.2012	10:26:8	4	72.10080888325392	34.2	0.9675463845152351	18.02520222081348	0		
104149403	44	 -122.1108	38.00687	-1.0	23.5.2012	10:26:11	3	46.74135793594928	34.2	0.3175706622168529	15.580452645316427	0		
104149403	45	 -122.11081	38.00647	-1.0	23.5.2012	10:26:14	3	43.0821364390789	33.599998	0.08890025495763242	14.360712146359633	0		
104149403	46	 -122.11082	38.00606	-1.0	23.5.2012	10:26:17	3	43.47176349223341	34.799999	0.1690950867348833	14.490587830744468	0		
104149403	47	 -122.1108	38.00563	-1.0	23.5.2012	10:26:20	3	44.88652047763628	34.2	0.1733808689712494	14.962173492545427	0		
104149403	48	 -122.11079	38.00522	-1.0	23.5.2012	10:26:23	3	44.89048699914718	34.2	0.034224282900277424	14.963495666382393	0		
104149403	49	 -122.11076	38.0048	-1.0	23.5.2012	10:26:26	3	45.88090706675628	34.2	0.012797356925283	15.29363568891876	0		
104149403	50	 -122.11078	38.00438	-1.0	23.5.2012	10:26:29	3	46.11858669618506	34.799999	0.013477793628060055	15.372862232061687	0		
104149403	51	 -122.11085	38.00395	-1.0	23.5.2012	10:26:32	3	46.13630854627112	34.799999	0.03628956420804448	15.378769515423706	0		
104149403	52	 -122.11099	38.00354	-1.0	23.5.2012	10:26:35	3	45.57522017503052	34.799999	0.05546607399037526	15.191740058343507	0		
104149403	53	 -122.11119	38.00316	-1.0	23.5.2012	10:26:38	3	44.95802907361701	34.2	0.07622169588724892	14.986009691205672	0		
104149403	54	 -122.11142	38.00279	-1.0	23.5.2012	10:26:41	3	44.370454193455124	33.599998	0.10580869771591371	14.790151397818375	0		
104149403	55	 -122.11169	38.00245	-1.0	23.5.2012	10:26:44	3	43.41396956553314	33.599998	0.1533186012055709	14.471323188511045	0		
104149403	56	 -122.11199	38.00213	-1.0	23.5.2012	10:26:47	3	42.21086358195117	32.299999	0.22984230166695793	14.07028786065039	0		
104149403	57	 -122.11232	38.00186	-1.0	23.5.2012	10:26:50	3	40.3093251495215	30.399999	0.33981592754407575	13.436441716507167	0		
104149403	58	 -122.11268	38.00162	-1.0	23.5.2012	10:26:53	3	37.56748166553015	30.399999	0.46267179350094284	12.52249388851005	0		
104149403	59	 -122.11303	38.00142	-1.0	23.5.2012	10:26:56	3	32.65652282921187	26.1	0.5525748426988917	10.88550760973729	0		
104149403	60	 -122.11331	38.00125	-1.0	23.5.2012	10:26:59	3	25.764881057900265	20.5	0.5650350014067943	8.588293685966756	0		
104149403	61	 -122.11352	38.00115	-1.0	23.5.2012	10:27:2	3	18.265717842860596	13.0	0.47048096398014805	6.088572614286865	1		
104149403	62	 -122.11356	38.0012	-1.0	23.5.2012	10:27:5	3	12.257759500234151	4.3	0.2030523252137868	4.085919833411384	2		
104149403	63	 -122.11367	38.00114	-1.0	23.5.2012	10:27:8	3	12.925543038826138	9.3	0.2197382605384487	4.30851434627538	1		
104149403	64	 -122.1137	38.001	-1.0	23.5.2012	10:27:11	3	15.73054747599867	8.1	0.47162772739935177	5.2435158253328895	0		
104149403	65	 -122.11351	38.00082	-1.0	23.5.2012	10:27:14	3	21.37603909292959	17.399999	0.48552814051467513	7.125346364309864	0		
104149403	66	 -122.11325	38.00065	-1.0	23.5.2012	10:27:17	3	25.676776444147464	22.399999	0.38637793833380146	8.558925481382488	0		
104149403	67	 -122.11292	38.00051	-1.0	23.5.2012	10:27:20	3	29.183121306511495	23.6	0.271056237297666	9.727707102170498	0		
104149403	68	 -122.11255	38.00038	-1.0	23.5.2012	10:27:23	3	31.457614518311665	24.899999	0.18687939215410165	10.485871506103889	0		
104149403	69	 -122.11224	38.00017	-1.0	23.5.2012	10:27:26	3	32.96243882609623	25.5	0.13352674159964129	10.987479608698743	0		
104149403	70	 -122.11203	37.99989	-1.0	23.5.2012	10:27:29	3	33.871857951622964	26.1	0.0926267198278022	11.290619317207655	0		
104149403	71	 -122.11184	37.99962	-1.0	23.5.2012	10:27:32	3	34.618694361098925	24.899999	0.052357835042212995	11.539564787032974	0		
104149403	72	 -122.11153	37.99939	-1.0	23.5.2012	10:27:35	3	35.75406396633838	28.0	0.012463107856059358	11.918021322112793	0		
104149403	73	 -122.11119	37.99918	-1.0	23.5.2012	10:27:38	3	35.66685434199876	27.299999	0.011269836979925242	11.88895144733292	0		
104149403	74	 -122.11088	37.99896	-1.0	23.5.2012	10:27:41	3	35.29468005117834	26.7	0.012020134892185251	11.76489335039278	0		
104149403	75	 -122.11071	37.99866	-1.0	23.5.2012	10:27:44	3	35.51882739003678	26.7	0.014405327397178496	11.839609130012262	0		
104149403	76	 -122.1106	37.99833	-1.0	23.5.2012	10:27:47	3	35.564172564070134	27.299999	0.042607778152809694	11.854724188023377	0		
104149403	77	 -122.11052	37.99801	-1.0	23.5.2012	10:27:50	3	35.10371650799195	25.5	0.09721051048022859	11.701238835997316	0		
104149403	78	 -122.11044	37.9977	-1.0	23.5.2012	10:27:53	3	34.530315308334465	28.0	0.17203581505869522	11.510105102778155	0		
104149403	79	 -122.1104	37.99737	-1.0	23.5.2012	10:27:56	3	33.52105194362151	26.7	0.2650145819583022	11.17368398120717	0		
104149403	80	 -122.11045	37.99705	-1.0	23.5.2012	10:27:59	3	31.153114190262624	26.7	0.3658044962631986	10.384371396754208	0		
104149403	81	 -122.11063	37.99679	-1.0	23.5.2012	10:28:2	3	27.345024391268414	23.6	0.4285148745380193	9.115008130422805	0		
104149403	82	 -122.11079	37.99657	-1.0	23.5.2012	10:28:5	3	22.00900934456654	17.399999	0.3525761600186069	7.336336448188846	0		
104149403	83	 -122.11088	37.99644	-1.0	23.5.2012	10:28:8	3	16.166022566186655	8.1	0.0568145316878236	5.388674188728885	0		
104149403	84	 -122.11096	37.99639	-1.0	23.5.2012	10:28:11	3	15.304552106128739	5.0	0.234522967449009	5.10151736870958	0		
104149403	85	 -122.11114	37.99641	-1.0	23.5.2012	10:28:14	3	20.992057135634955	13.0	0.22582091743458962	6.997352378544985	0		
104149403	86	 -122.11152	37.99655	-1.0	23.5.2012	10:28:17	3	26.545074584670747	26.7	0.006100717400398382	8.848358194890249	0		
104149403	87	 -122.11194	37.99667	-1.0	23.5.2012	10:28:20	3	25.29172976457636	25.5	0.2076119897987246	8.43057658819212	0		
104149403	88	 -122.11225	37.99678	-1.0	23.5.2012	10:28:23	3	19.718569939051132	17.399999	0.2815767576930332	6.5728566463503775	1		
104149403	89	 -122.11237	37.99684	-1.0	23.5.2012	10:28:26	3	14.045025767751767	7.5	0.23853102883127708	4.681675255917256	2		
104149403	90	 -122.11234	37.99693	-1.0	23.5.2012	10:28:29	3	12.249651729175474	8.1	0.1850027605722505	4.083217243058491	2		
104149403	91	 -122.1124	37.99703	-1.0	23.5.2012	10:28:32	3	12.759456317086585	10.6	0.19677972301016428	4.253152105695528	2		
104149403	92	 -122.11256	37.99708	-1.0	23.5.2012	10:28:35	3	12.080393320983887	12.399999	0.248139977911397	4.026797773661296	3		
104149403	93	 -122.11274	37.99711	-1.0	23.5.2012	10:28:38	3	9.30226942773959	8.699999	0.26183466534705196	3.100756475913197	3		
104149403	94	 -122.11284	37.99709	-1.0	23.5.2012	10:28:41	3	5.018156021539484	5.0	0.20441876759095576	1.6727186738464948	3		
104149403	95	 -122.11284	37.99704	-1.0	23.5.2012	10:28:44	3	1.4502121556398384	1.899999	0.12108947397589734	0.4834040518799461	2	stopPointStart	dwellTime
104149403	96	 -122.11309	37.99705	-1.0	23.5.2012	11:16:39	2875	37.669441356069456	8.699999	0.2647531710939602	0.013102414384719811	1	stopPointEnd	dwellTime
104149403	97	 -122.11314	37.99696	-1.0	23.5.2012	11:16:42	3	7.5656440442760005	5.599999	0.42091307412253737	2.521881348092	2		
104149403	98	 -122.11318	37.99692	-1.0	23.5.2012	11:16:45	3	10.885180480402635	5.0	0.575867958274747	3.628393493467545	1		
104149403	99	 -122.11336	37.99693	-1.0	23.5.2012	11:16:48	3	18.654219012495755	16.2	0.636639240051786	6.218073004165252	0		
104149403	100	 -122.11368	37.99698	-1.0	23.5.2012	11:16:51	3	26.21198658631458	23.0	0.5700155370588875	8.73732886210486	0		
104149403	101	 -122.11409	37.99701	-1.0	23.5.2012	11:16:54	3	31.95863145411938	27.299999	0.4378175285188207	10.652877151373128	0		
104149403	102	 -122.11454	37.99705	-1.0	23.5.2012	11:16:57	3	35.920365110025635	28.6	0.32185868154591646	11.973455036675212	0		
104149403	103	 -122.11501	37.99706	-1.0	23.5.2012	11:17:0	3	38.59624633849003	30.399999	0.22871626989639937	12.865415446163345	0		
104149403	104	 -122.11549	37.99705	-1.0	23.5.2012	11:17:3	3	40.542417037621995	31.7	0.16064480782361734	13.514139012540666	0		
104149403	105	 -122.11599	37.99702	-1.0	23.5.2012	11:17:6	3	42.00001248268765	32.299999	0.10655458247656607	14.000004160895884	0		
104149403	106	 -122.11648	37.99697	-1.0	23.5.2012	11:17:9	3	42.85054101311386	32.299999	0.04872770707695998	14.283513671037953	0		
104149403	107	 -122.11698	37.9969	-1.0	23.5.2012	11:17:12	3	43.657110834762015	32.900001	0.0338366887815702	14.552370278254005	0		
104149403	108	 -122.11748	37.99681	-1.0	23.5.2012	11:17:15	3	43.823195041225055	32.900001	0.15551046010791342	14.607731680408351	0		
104149403	109	 -122.11798	37.9967	-1.0	23.5.2012	11:17:18	3	43.04746427912913	32.299999	0.3152137397083092	14.34915475970971	0		
104149403	110	 -122.11847	37.99661	-1.0	23.5.2012	11:17:21	3	40.5129797926878	31.1	0.5432516895359757	13.504326597562601	0		
104149403	111	 -122.11894	37.9966	-1.0	23.5.2012	11:17:24	3	36.04620465977894	29.799999	0.7529213338542293	12.015401553259645	0		
104149403	112	 -122.11936	37.99668	-1.0	23.5.2012	11:17:27	3	29.029839839924378	26.7	0.8025746813785931	9.676613279974793	0		
104149403	113	 -122.11969	37.9968	-1.0	23.5.2012	11:17:30	3	19.555379012356806	21.1	0.6450314423698532	6.518459670785602	1		
104149403	114	 -122.11987	37.99693	-1.0	23.5.2012	11:17:33	3	8.130828718927555	11.199999	0.4067231972298928	2.710276239642518	1		
104149403	115	 -122.11986	37.99698	-1.0	23.5.2012	11:18:9	36	52.1205993524399	3.7	0.21705906870457015	1.447794426456664	1		
104149403	116	 -122.11997	37.99705	-1.0	23.5.2012	11:18:12	3	10.605261889288657	11.8	0.22391421831616695	3.5350872964295523	2		
104149403	117	 -122.12017	37.99704	-1.0	23.5.2012	11:18:15	3	13.181897897817102	13.0	0.20275780849714908	4.393965965939034	1		
104149403	118	 -122.12035	37.99692	-1.0	23.5.2012	11:18:18	3	15.215004056887821	16.799999	0.04963351434357417	5.071668018962607	0		
104149403	119	 -122.12053	37.99677	-1.0	23.5.2012	11:18:21	3	15.345151246014316	16.2	0.16901223166628485	5.115050415338105	1		
104149403	120	 -122.1207	37.99666	-1.0	23.5.2012	11:18:24	3	12.737333064121923	11.8	0.26771862833657795	4.245777688040641	3		
104149403	121	 -122.12082	37.99657	-1.0	23.5.2012	11:18:27	3	8.761001792992559	8.699999	0.09552271684479477	2.92033393099752	2		
104149403	122	 -122.12088	37.99653	-1.0	23.5.2012	11:18:30	3	4.773087822013263	1.899999	0.4065037877607196	1.591029274004421	2		
104149403	123	 -122.12089	37.99653	-1.0	23.5.2012	11:18:39	9	26.716663650216912	2.5	0.30201216326302	2.9685181833574346	1		
104149403	124	 -122.12099	37.99645	-1.0	23.5.2012	11:18:42	3	14.403666627976568	12.399999	0.13409029189184207	4.801222209325522	1		
104149403	125	 -122.12107	37.99626	-1.0	23.5.2012	11:18:45	3	16.555555120296145	16.2	0.16171096674807614	5.518518373432048	0		
104149403	126	 -122.12099	37.99605	-1.0	23.5.2012	11:18:48	3	18.1696417799934	19.299999	0.05693253153415311	6.056547259997799	0		
104149403	127	 -122.12084	37.99581	-1.0	23.5.2012	11:18:51	3	17.36443511354755	20.5	0.27923527512357404	5.788145037849183	1		
104149403	128	 -122.12072	37.99561	-1.0	23.5.2012	11:18:54	3	12.344930325014442	14.899999	0.33784756394197824	4.114976775004814	2		
104149403	129	 -122.12066	37.9955	-1.0	23.5.2012	11:18:57	3	5.032543553138714	4.3	0.23571250349433095	1.6775145177129047	1		
104149403	130	 -122.12064	37.99548	-1.0	23.5.2012	11:19:13	16	43.62591506125023	3.099999	0.3465528717024063	2.7266196913281395	0		
104149403	131	 -122.12058	37.99538	-1.0	23.5.2012	11:19:16	3	15.262696486405527	13.0	0.39201952983957744	5.0875654954685094	0		
104149403	132	 -122.12047	37.9952	-1.0	23.5.2012	11:19:19	3	18.94701340172326	17.399999	0.4374536144016458	6.315671133907753	0		
104149403	133	 -122.12033	37.99499	-1.0	23.5.2012	11:19:22	3	23.084008331076124	21.1	0.33708871098781223	7.6946694436920415	0		
104149403	134	 -122.12016	37.99474	-1.0	23.5.2012	11:19:25	3	26.96693645708069	24.899999	0.10266763864464874	8.988978819026896	0		
104149403	135	 -122.11998	37.99445	-1.0	23.5.2012	11:19:28	3	28.320812649122708	24.899999	0.16184633801536716	9.440270883040903	0		
104149403	136	 -122.11981	37.99419	-1.0	23.5.2012	11:19:31	3	26.13044982797664	23.0	0.32108736860837783	8.71014994265888	0		
104149403	137	 -122.11969	37.99395	-1.0	23.5.2012	11:19:34	3	21.676241076838735	16.799999	0.30924656291783853	7.225413692279578	0		
104149403	138	 -122.11962	37.9938	-1.0	23.5.2012	11:19:37	3	16.39885856054011	10.6	0.04714592716209209	5.466286186846703	0		
104149403	139	 -122.11968	37.9937	-1.0	23.5.2012	11:19:40	3	16.006888501422385	11.199999	0.27097588647937804	5.335629500474128	0		
104149403	140	 -122.1199	37.99362	-1.0	23.5.2012	11:19:43	3	20.29822150428538	16.799999	0.38536188055425435	6.7660738347617935	0		
104149403	141	 -122.12021	37.99353	-1.0	23.5.2012	11:19:46	3	24.410985641297863	20.5	0.34518696554657474	8.136995213765955	0		
104149403	142	 -122.12055	37.99345	-1.0	23.5.2012	11:19:49	3	27.102714279568783	20.5	0.2598445750838995	9.034238093189595	0		
104149403	143	 -122.1209	37.99344	-1.0	23.5.2012	11:19:52	3	29.132592793022326	22.399999	0.1845838678354985	9.710864264340776	0		
104149403	144	 -122.12127	37.99342	-1.0	23.5.2012	11:19:55	3	31.102893285512835	24.2	0.13967379897242627	10.367631095170944	0		
104149403	145	 -122.12165	37.99333	-1.0	23.5.2012	11:19:58	3	32.70476986100735	25.5	0.12116724023501013	10.901589953669117	0		
104149403	146	 -122.122	37.99317	-1.0	23.5.2012	11:20:1	3	33.80614965227282	26.7	0.11028005631475818	11.268716550757608	0		
104149403	147	 -122.12231	37.99293	-1.0	23.5.2012	11:20:4	3	34.76073766480828	28.0	0.09319235651034817	11.586912554936093	0		
104149403	148	 -122.12257	37.99267	-1.0	23.5.2012	11:20:7	3	35.06190100488983	26.7	0.06660226202395365	11.687300334963277	0		
104149403	149	 -122.12279	37.99241	-1.0	23.5.2012	11:20:10	3	35.617190897529575	26.1	0.028616304275112678	11.872396965843192	0		
104149403	150	 -122.12305	37.99214	-1.0	23.5.2012	11:20:13	3	36.547236421227176	28.6	0.021042060162794703	12.182412140409058	0		
104149403	151	 -122.12332	37.99187	-1.0	23.5.2012	11:20:16	3	36.40243928945981	27.299999	0.07514852279393146	12.134146429819936	0		
104149403	152	 -122.12359	37.99161	-1.0	23.5.2012	11:20:19	3	35.49888294670031	26.7	0.12914963256610584	11.832960982233438	0		
104149403	153	 -122.12387	37.99138	-1.0	23.5.2012	11:20:22	3	34.255831015061425	24.899999	0.19845286170246076	11.418610338353808	0		
104149403	154	 -122.12419	37.99123	-1.0	23.5.2012	11:20:25	3	32.97889152491312	24.2	0.30582965070358065	10.992963841637705	0		
104149403	155	 -122.12455	37.99109	-1.0	23.5.2012	11:20:28	3	31.151234938964794	25.5	0.44124298931322986	10.383744979654931	0		
104149403	156	 -122.12487	37.99096	-1.0	23.5.2012	11:20:31	3	26.601739131396936	21.7	0.5467651781258264	8.867246377132313	0		
104149403	157	 -122.12517	37.99088	-1.0	23.5.2012	11:20:34	3	20.05746137163543	16.2	0.5657419728040178	6.68582045721181	1		
104149403	158	 -122.12535	37.9909	-1.0	23.5.2012	11:20:37	3	12.469043414836698	9.899999	0.47220583985854714	4.1563478049455655	3		
104149403	159	 -122.12537	37.99098	-1.0	23.5.2012	11:20:40	3	7.520579151244306	6.199999	0.32291346842115426	2.506859717081435	3		
104149403	160	 -122.12538	37.99109	-1.0	23.5.2012	11:20:43	3	5.698599372137881	7.5	0.16774923700454425	1.8995331240459603	3		
104149403	161	 -122.12538	37.99118	-1.0	23.5.2012	11:20:46	3	3.200717988531163	3.7	0.05249597076938845	1.0669059961770544	4		
104149403	162	 -122.12534	37.99123	-1.0	23.5.2012	11:20:57	11	13.093907332708982	1.2	0.1349198451911711	1.190355212064453	3		
104149403	163	 -122.12532	37.99124	-1.0	23.5.2012	11:21:0	3	0.803439777000743	1.2	0.03306623657717062	0.26781325900024766	3		
104149403	164	 -122.12533	37.99126	-1.0	23.5.2012	11:21:13	13	12.211512208306484	3.7	0.054216784014192075	0.9393470929466526	3		
104149403	165	 -122.12526	37.99132	-1.0	23.5.2012	11:21:16	3	8.107915215291388	6.8	0.13005020312166757	2.7026384050971295	2		
104149403	166	 -122.12516	37.99139	-1.0	23.5.2012	11:21:19	3	8.289685843701792	7.5	0.13599851201081944	2.763228614567264	2		
104149403	167	 -122.12505	37.99145	-1.0	23.5.2012	11:21:22	3	8.840448520778967	7.5	0.10363383152012766	2.946816173592989	2		
104149403	168	 -122.12495	37.99151	-1.0	23.5.2012	11:21:25	3	9.367570249111672	7.5	0.05423850249984446	3.1225234163705573	2		
104149403	169	 -122.12486	37.99157	-1.0	23.5.2012	11:21:28	3	9.693676197009005	7.5	0.016819266473252693	3.2312253990030015	2		
104149403	170	 -122.12476	37.99162	-1.0	23.5.2012	11:21:31	3	9.90165211705463	7.5	0.001506486029326244	3.3005507056848766	2		
104149403	171	 -122.12466	37.99167	-1.0	23.5.2012	11:21:34	3	9.854726005647333	7.5	0.014504369275008627	3.284908668549111	2		
104149403	172	 -122.12457	37.99173	-1.0	23.5.2012	11:21:37	3	9.688613085907724	6.8	0.03599506129016374	3.2295376953025747	2		
104149403	173	 -122.12449	37.99177	-1.0	23.5.2012	11:21:40	3	9.400835876769749	6.199999	0.08643573016294158	3.13361195892325	4		
104149403	174	 -122.1244	37.99183	-1.0	23.5.2012	11:21:43	3	9.31959876054288	7.5	0.1531832842672803	3.10653292018096	6		
104149403	175	 -122.12431	37.99188	-1.0	23.5.2012	11:21:46	3	8.169738745940068	6.8	0.19193108654607316	2.723246248646689	6		
104149403	176	 -122.12422	37.99194	-1.0	23.5.2012	11:21:49	3	6.289984956176687	6.199999	0.17180771626227329	2.0966616520588954	6		
104149403	177	 -122.12412	37.99198	-1.0	23.5.2012	11:21:52	3	3.186778760952368	6.8	0.11753558203570712	1.0622595869841227	4	stopPointStart	dwellTime
104149403	178	 -122.1239	37.99213	-1.0	23.5.2012	11:30:14	502	42.50046889982384	6.8	0.0	0.0846622886450674	1	stopPointEnd	dwellTime
104149403	179	 -122.1238	37.99217	-1.0	23.5.2012	11:30:17	3	2.9212052804158217	6.199999	0.0	0.9737350934719405	1		
104149403	180	 -122.12391	37.99213	-1.0	23.5.2012	11:31:10	53	29.02549199456071	14.899999	0.13814530967178867	0.5476507923502021	1		
104149403	181	 -122.12413	37.99203	-1.0	23.5.2012	11:31:13	3	13.726281681952678	14.899999	0.08442116629710608	4.575427227317559	5		
104149403	182	 -122.1243	37.99192	-1.0	23.5.2012	11:31:16	3	10.396626717222281	10.6	0.05787159131206386	3.4655422390740935	6		
104149403	183	 -122.12444	37.99186	-1.0	23.5.2012	11:31:19	3	8.497625924048267	8.699999	0.0113224941807846	2.8325419746827554	7		
104149403	184	 -122.12453	37.99182	-1.0	23.5.2012	11:31:22	3	7.2166660749793925	5.0	0.02021672411043734	2.405555358326464	5		
104149403	185	 -122.1246	37.99187	-1.0	23.5.2012	11:31:25	3	7.07050084987921	6.199999	0.03305314053799408	2.3568336166264032	4		
104149403	186	 -122.12467	37.99192	-1.0	23.5.2012	11:31:28	3	7.159039760725761	6.199999	0.05474623646539013	2.386346586908587	4		
104149403	187	 -122.12476	37.9919	-1.0	23.5.2012	11:31:31	3	7.480934438905611	7.5	0.09504572424439103	2.493644812968537	7		
104149403	188	 -122.12486	37.99186	-1.0	23.5.2012	11:31:34	3	6.856435304073402	7.5	0.11919972405009605	2.285478434691134	10		
104149403	189	 -122.12494	37.99181	-1.0	23.5.2012	11:31:37	3	5.144252566198354	5.599999	0.10342764961982258	1.7147508553994513	9		
104149403	190	 -122.12499	37.99179	-1.0	23.5.2012	11:31:40	3	2.832328410435873	1.2	0.09332702204439593	0.9441094701452909	9		
104149403	191	 -122.12497	37.99178	-1.0	23.5.2012	11:31:46	6	2.268716673822553	1.2	0.07756771790351855	0.37811944563709216	9		
104149403	192	 -122.12493	37.99179	-1.0	23.5.2012	11:31:49	3	1.2219653365100338	2.5	0.02906690740047993	0.4073217788366779	9		
104149403	193	 -122.12489	37.99181	-1.0	23.5.2012	11:31:52	3	0.9763368445003388	1.899999	0.020729207740313175	0.32544561483344625	9		
104149403	194	 -122.12489	37.99181	-1.0	23.5.2012	11:32:0	8	0.9529883148566458	1.2	0.019280787424305404	0.11912353935708073	9		
104149403	195	 -122.1249	37.99176	-1.0	23.5.2012	11:33:30	90	5.6190875581681645	1.2	0.008524699842515339	0.062434306201868496	9		
104149403	196	 -122.12493	37.99176	-1.0	23.5.2012	11:33:33	3	0.9621770098517085	1.899999	0.20556094019567064	0.3207256699505695	9		
104149403	197	 -122.12495	37.99174	-1.0	23.5.2012	11:33:44	11	10.251475724938395	1.899999	0.04414606604830576	0.9319523386307632	6		
104149403	198	 -122.12501	37.99171	-1.0	23.5.2012	11:33:47	3	6.346992073810485	5.599999	0.10243340546764564	2.115664024603495	3		
104149403	199	 -122.12509	37.99166	-1.0	23.5.2012	11:33:50	3	6.80198346587358	6.199999	0.09159771310046293	2.26732782195786	4		
104149403	200	 -122.12518	37.99161	-1.0	23.5.2012	11:33:53	3	7.344092671690435	6.8	0.033185314174411444	2.4480308905634782	4		
104149403	201	 -122.12527	37.99156	-1.0	23.5.2012	11:33:56	3	7.490795002689801	7.5	0.05850208925439692	2.496931667563267	4		
104149403	202	 -122.12536	37.99151	-1.0	23.5.2012	11:33:59	3	6.741850888154527	6.199999	0.13098040107296355	2.2472836293848424	5		
104149403	203	 -122.12542	37.99147	-1.0	23.5.2012	11:34:2	3	5.178666891770104	4.3	0.13992234852661517	1.7262222972567012	4		
104149403	204	 -122.12542	37.99141	-1.0	23.5.2012	11:34:5	3	3.948915892411878	6.8	0.11101171631164576	1.316305297470626	3		
104149403	205	 -122.12535	37.99134	-1.0	23.5.2012	11:34:8	3	2.4351092679650583	6.199999	0.07103097890173614	0.8117030893216861	3		
104149403	206	 -122.12538	37.99119	-1.0	23.5.2012	11:35:22	74	27.88154749012959	6.199999	0.0	0.37677766878553504	1		
104149403	207	 -122.12538	37.99113	-1.0	23.5.2012	11:35:25	3	1.9765944309701062	3.099999	0.0	0.6588648103233687	1		
104149403	208	 -122.12532	37.99104	-1.0	23.5.2012	11:35:53	28	16.47728961382209	1.2	0.028752249438692278	0.5884746290650746	4		
104149403	209	 -122.12532	37.99101	-1.0	23.5.2012	11:35:56	3	2.83280344029791	2.5	0.014416821220090135	0.9442678134326367	4		
104149403	210	 -122.12531	37.99097	-1.0	23.5.2012	11:35:59	3	2.721788084583722	3.099999	0.0025810366275678654	0.9072626948612407	4		
104149403	211	 -122.12529	37.99094	-1.0	23.5.2012	11:36:2	3	2.431683075273046	5.599999	0.0020004709242571286	0.8105610250910154	5		
104149403	212	 -122.12527	37.99087	-1.0	23.5.2012	11:36:5	3	2.1876130272306127	3.7	0.12983854168989875	0.7292043424102043	5		
104149403	213	 -122.12527	37.99087	-1.0	23.5.2012	11:36:16	11	12.711517182347245	2.5	0.08522550017492654	1.1555924711224768	3		
104149403	214	 -122.12521	37.99083	-1.0	23.5.2012	11:36:19	3	9.358799492712723	8.1	0.3447960752630255	3.119599830904241	2		
104149403	215	 -122.12506	37.99082	-1.0	23.5.2012	11:36:22	3	12.91996265740458	11.199999	0.3976940685988047	4.3066542191348605	1		
104149403	216	 -122.12484	37.99087	-1.0	23.5.2012	11:36:25	3	16.965805508174494	14.899999	0.40224402586907093	5.655268502724831	0		
104149403	217	 -122.1246	37.99098	-1.0	23.5.2012	11:36:28	3	20.55114564450482	15.5	0.3410514374640259	6.850381881501607	0		
104149403	218	 -122.12437	37.99108	-1.0	23.5.2012	11:36:31	3	23.437758289985414	17.399999	0.26582124179903716	7.812586096661804	0		
104149403	219	 -122.12408	37.99121	-1.0	23.5.2012	11:36:34	3	26.6137793941925	22.399999	0.21631044169331684	8.871259798064166	0		
104149403	220	 -122.12379	37.99136	-1.0	23.5.2012	11:36:37	3	28.310925709644753	21.7	0.17644242840582441	9.436975236548252	0		
104149403	221	 -122.12354	37.99156	-1.0	23.5.2012	11:36:40	3	29.763737960877414	20.899999	0.14513830082113657	9.921245986959137	0		
104149403	222	 -122.12331	37.99177	-1.0	23.5.2012	11:36:43	3	31.053387156454644	22.399999	0.11502378856126295	10.351129052151547	0		
104149403	223	 -122.12307	37.99201	-1.0	23.5.2012	11:36:46	3	32.44210017686458	24.2	0.08195809598315264	10.814033392288193	0		
104149403	224	 -122.12283	37.99225	-1.0	23.5.2012	11:36:49	3	33.047211046502326	24.2	0.047147627041461394	11.015737015500775	0		
104149403	225	 -122.1226	37.9925	-1.0	23.5.2012	11:36:52	3	33.48545953969742	23.0	0.012519324894262631	11.161819846565807	0		
104149403	226	 -122.12237	37.99274	-1.0	23.5.2012	11:36:55	3	33.73544922918142	25.5	0.020123323645351812	11.245149743060473	0		
104149403	227	 -122.1221	37.99297	-1.0	23.5.2012	11:36:58	3	34.044227518964824	27.299999	0.04748080985029469	11.34807583965494	0		
104149403	228	 -122.12178	37.99318	-1.0	23.5.2012	11:37:1	3	33.76362585476393	26.1	0.06983034095643459	11.254541951587976	0		
104149403	229	 -122.12142	37.99332	-1.0	23.5.2012	11:37:4	3	32.80697840885491	25.5	0.09793735816804765	10.935659469618303	0		
104149403	230	 -122.12103	37.99339	-1.0	23.5.2012	11:37:7	3	31.655304579675104	24.2	0.1440477214459312	10.551768193225035	0		
104149403	231	 -122.12068	37.99339	-1.0	23.5.2012	11:37:10	3	29.900848687873545	22.399999	0.20594666363466135	9.966949562624515	0		
104149403	232	 -122.12034	37.99342	-1.0	23.5.2012	11:37:13	3	28.441014191675535	21.1	0.26994050256675073	9.480338063891844	0		
104149403	233	 -122.12004	37.9935	-1.0	23.5.2012	11:37:16	3	25.97597539653168	18.6	0.31821357484517054	8.65865846551056	0		
104149403	234	 -122.11978	37.99364	-1.0	23.5.2012	11:37:19	3	22.510927566890253	18.0	0.32332030092325603	7.503642522296751	0		
104149403	235	 -122.1196	37.99373	-1.0	23.5.2012	11:37:22	3	17.870471935207085	9.3	0.2510094373358478	5.956823978402362	1		
104149403	236	 -122.11952	37.99379	-1.0	23.5.2012	11:37:25	3	14.959737699583401	6.8	0.0882939281831424	4.986579233194467	1		
104149403	237	 -122.1194	37.99387	-1.0	23.5.2012	11:37:28	3	15.185198753661362	11.8	0.09828516623298152	5.061732917887121	0		
104149403	238	 -122.11937	37.99406	-1.0	23.5.2012	11:37:31	3	17.212436880355042	18.0	0.20732122346837317	5.737478960118348	0		
104149403	239	 -122.11952	37.99425	-1.0	23.5.2012	11:37:34	3	18.632616368903655	16.799999	0.2415549568948438	6.210872122967885	0		
104149403	240	 -122.11963	37.99441	-1.0	23.5.2012	11:37:37	3	19.592328158320502	13.0	0.2550059823073376	6.530776052773501	0		
104149403	241	 -122.11974	37.99456	-1.0	23.5.2012	11:37:40	3	21.967429536166826	15.5	0.260031721988946	7.322476512055609	0		
104149403	242	 -122.11987	37.99476	-1.0	23.5.2012	11:37:43	3	25.437385901384218	18.6	0.2294471244320608	8.479128633794739	0		
104149403	243	 -122.12002	37.99499	-1.0	23.5.2012	11:37:46	3	28.362334261248822	21.7	0.13644973401196014	9.454111420416274	0		
104149403	244	 -122.12018	37.99525	-1.0	23.5.2012	11:37:49	3	30.60459676938929	24.2	0.023364676252607016	10.201532256463096	0		
104149403	245	 -122.12036	37.99552	-1.0	23.5.2012	11:37:52	3	31.31183764778649	26.1	0.21916858294752833	10.43727921592883	0		
104149403	246	 -122.12054	37.99582	-1.0	23.5.2012	11:37:55	3	29.503795613123042	27.299999	0.38190936252586655	9.83459853770768	0		
104149403	247	 -122.12067	37.99611	-1.0	23.5.2012	11:37:58	3	23.909733097457494	20.5	0.4352792987027103	7.9699110324858315	0		
104149403	248	 -122.12074	37.99626	-1.0	23.5.2012	11:38:1	3	16.31062766963643	7.5	0.34766088704710174	5.436875889878809	1		
104149403	249	 -122.12075	37.99628	-1.0	23.5.2012	11:38:4	3	11.681399534511359	1.899999	0.14464150026157746	3.8937998448371194	2		
104149403	250	 -122.12078	37.99633	-1.0	23.5.2012	11:38:7	3	11.845372428693418	7.5	0.07958245237184187	3.9484574762311393	2		
104149403	251	 -122.1208	37.99644	-1.0	23.5.2012	11:38:10	3	14.232593077144802	9.3	0.17557172625329054	4.744197692381601	1		
104149403	252	 -122.12065	37.99655	-1.0	23.5.2012	11:38:13	3	18.15680710788107	16.2	0.11807159766289922	6.052269035960357	0		
104149403	253	 -122.1204	37.99671	-1.0	23.5.2012	11:38:16	3	20.37838586759569	20.5	0.04297868543622573	6.792795289198563	0		
104149403	254	 -122.12016	37.99688	-1.0	23.5.2012	11:38:19	3	18.53905883521549	18.6	0.12412278009178411	6.179686278405163	0		
104149403	255	 -122.12001	37.99697	-1.0	23.5.2012	11:38:22	3	16.231768694944492	9.3	0.347915769624686	5.410589564981497	0		
104149403	256	 -122.11985	37.99695	-1.0	23.5.2012	11:38:25	3	19.900915835075406	13.0	0.5041150029160477	6.633638611691802	0		
104149403	257	 -122.11962	37.99679	-1.0	23.5.2012	11:38:28	3	26.858606229259337	21.7	0.5236518455102137	8.952868743086446	0		
104149403	258	 -122.11927	37.99662	-1.0	23.5.2012	11:38:31	3	33.111424705380244	27.299999	0.470436904928027	11.03714156846008	0		
104149403	259	 -122.11882	37.9965	-1.0	23.5.2012	11:38:34	3	38.07128267618876	32.299999	0.3905030976775742	12.690427558729587	0		
104149403	260	 -122.11828	37.99652	-1.0	23.5.2012	11:38:37	3	42.038550759369365	33.599998	0.2956267231145925	14.012850253123121	0		
104149403	261	 -122.11775	37.99662	-1.0	23.5.2012	11:38:40	3	44.16098071355572	36.0	0.20293889890023825	14.720326904518574	0		
104149403	262	 -122.11721	37.99674	-1.0	23.5.2012	11:38:43	3	45.58751859845278	34.799999	0.13472750416204182	15.195839532817594	0		
104149403	263	 -122.11669	37.99684	-1.0	23.5.2012	11:38:46	3	46.25790820176367	33.599998	0.09232187904287524	15.419302733921223	0		
104149403	264	 -122.11617	37.99691	-1.0	23.5.2012	11:38:49	3	47.31289685630532	34.2	0.0533754006047424	15.770965618768441	0		
104149403	265	 -122.11561	37.99695	-1.0	23.5.2012	11:38:52	3	48.51330307679523	37.299999	0.006361451428917784	16.17110102559841	0		
104149403	266	 -122.11503	37.99698	-1.0	23.5.2012	11:38:55	3	48.759615505573	36.7	0.10098536549671316	16.253205168524335	0		
104149403	267	 -122.11446	37.99697	-1.0	23.5.2012	11:38:58	3	48.00895246632407	36.0	0.24062589638930634	16.002984155441357	0		
104149403	268	 -122.11392	37.99694	-1.0	23.5.2012	11:39:1	3	46.362683362680364	35.400001	0.42892258273044986	15.454227787560121	0		
104149403	269	 -122.11338	37.99688	-1.0	23.5.2012	11:39:4	3	43.23279325138144	34.799999	0.6391167041879744	14.410931083793812	0		
104149403	270	 -122.11286	37.99681	-1.0	23.5.2012	11:39:7	3	36.68763088633194	31.7	0.8034126580982726	12.229210295443979	0		
104149403	271	 -122.11249	37.99676	-1.0	23.5.2012	11:39:10	3	26.504904014472654	18.6	0.8454670281930201	8.834968004824217	0		
104149403	272	 -122.11232	37.99674	-1.0	23.5.2012	11:39:13	3	16.16325200613415	9.899999	0.7262599975709201	5.387750668711384	2		
104149403	273	 -122.11224	37.99682	-1.0	23.5.2012	11:39:16	3	9.447561266167394	8.699999	0.45061316782689126	3.149187088722465	3		
104149403	274	 -122.11228	37.99695	-1.0	23.5.2012	11:39:19	3	6.68814292786827	11.199999	0.12659060706727207	2.22938097595609	5		
104149403	275	 -122.11245	37.99702	-1.0	23.5.2012	11:39:22	3	6.677006878270766	12.399999	0.05144373651170533	2.2256689594235888	4		
104149403	276	 -122.11261	37.99705	-1.0	23.5.2012	11:39:25	3	5.448830898725097	7.5	0.08640398323392297	1.816276966241699	3		
104149403	277	 -122.11273	37.99706	-1.0	23.5.2012	11:39:28	3	2.7515472054732664	6.199999	0.08131688316950512	0.9171824018244221	3	stopPointStart	endOfFile
