PersonID	CoordID	X	Y	Z	Date	Time	TimeDiff	Distance	rawSpeed	Acceleration	SimpleSpeed	Density	breakPointType	breakPointCriterium
104149404	0	 -122.09202	38.01032	-1.0	23.5.2012	9:0:26	0	0.0	10.6	0.10655968414433309	NaN	1	stopPointEnd	startOfFile
104149404	1	 -122.0919	38.01022	-1.0	23.5.2012	9:0:29	3	9.77375324500969	11.199999	0.08689074866203168	3.2579177483365633	2		
104149404	2	 -122.09175	38.01016	-1.0	23.5.2012	9:0:32	3	8.10430264367167	10.6	0.09267722354886325	2.701434214557223	3		
104149404	3	 -122.09161	38.01015	-1.0	23.5.2012	9:0:35	3	7.1456966200702645	8.1	0.09868106320785132	2.381898873356755	3		
104149404	4	 -122.09152	38.01018	-1.0	23.5.2012	9:0:38	3	6.751124370947853	5.0	0.11710678079535249	2.250374790315951	3		
104149404	5	 -122.09149	38.01022	-1.0	23.5.2012	9:0:41	3	7.598546506867757	5.0	0.13958800681038758	2.532848835622586	3		
104149404	6	 -122.09144	38.01031	-1.0	23.5.2012	9:0:44	3	9.717863939956086	8.699999	0.17015743987883478	3.2392879799853618	2		
104149404	7	 -122.09137	38.01041	-1.0	23.5.2012	9:0:47	3	11.302022339085504	8.699999	0.19548741509994336	3.767340779695168	2		
104149404	8	 -122.09124	38.01046	-1.0	23.5.2012	9:0:50	3	13.824302482499176	11.199999	0.1840297834413586	4.608100827499725	1		
104149404	9	 -122.09101	38.01044	-1.0	23.5.2012	9:0:53	3	16.55009914097422	16.2	0.13232772925007244	5.516699713658073	0		
104149404	10	 -122.09077	38.01042	-1.0	23.5.2012	9:0:56	3	17.226321979363686	14.899999	0.0765758887026468	5.742107326454562	0		
104149404	11	 -122.09056	38.01043	-1.0	23.5.2012	9:0:59	3	17.11020347543821	8.699999	0.04035160171889343	5.703401158479404	0		
104149404	12	 -122.09038	38.01042	-1.0	23.5.2012	9:1:2	3	17.4974872070967	11.8	0.009251829616424853	5.8324957356989	0		
104149404	13	 -122.09017	38.01037	-1.0	23.5.2012	9:1:5	3	18.55537261112352	14.899999	0.03959719611851094	6.18512420370784	0		
104149404	14	 -122.08995	38.01027	-1.0	23.5.2012	9:1:8	3	18.310399544022793	15.5	0.1394148567668288	6.103466514674264	0		
104149404	15	 -122.08975	38.01019	-1.0	23.5.2012	9:1:11	3	16.698412679847028	11.8	0.19528388017699977	5.566137559949009	1		
104149404	16	 -122.08961	38.01013	-1.0	23.5.2012	9:1:14	3	14.60076128844855	10.6	0.18880608701090226	4.8669204294828505	2		
104149404	17	 -122.08946	38.01006	-1.0	23.5.2012	9:1:17	3	13.126207508923047	11.8	0.10113863447028437	4.375402502974349	2		
104149404	18	 -122.08931	38.00999	-1.0	23.5.2012	9:1:20	3	10.9016571045393	9.3	0.04944653409981875	3.6338857015131	2		
104149404	19	 -122.08926	38.00997	-1.0	23.5.2012	9:1:24	4	12.98246051742804	3.099999	0.33197528614115224	3.24561512935701	2		
104149404	20	 -122.08924	38.00989	-1.0	23.5.2012	9:1:27	3	14.853096064008112	9.3	0.4550115605186163	4.9510320213360375	1		
104149404	21	 -122.08934	38.00972	-1.0	23.5.2012	9:1:30	3	21.487517706917835	18.6	0.5257677637423462	7.162505902305945	0		
104149404	22	 -122.0895	38.00948	-1.0	23.5.2012	9:1:33	3	27.265899127353126	24.2	0.4893122913483684	9.088633042451042	0		
104149404	23	 -122.08968	38.00919	-1.0	23.5.2012	9:1:36	3	31.80609991041157	27.299999	0.3587714655147636	10.602033303470524	0		
104149404	24	 -122.08987	38.00888	-1.0	23.5.2012	9:1:39	3	34.65045601005428	28.6	0.1749729947665804	11.550152003351426	0		
104149404	25	 -122.09007	38.00856	-1.0	23.5.2012	9:1:42	3	36.513017386222096	29.2	0.033575595204533286	12.171005795407366	0		
104149404	26	 -122.09028	38.00824	-1.0	23.5.2012	9:1:45	3	36.87585958973111	28.6	0.10615809113165804	12.291953196577035	0		
104149404	27	 -122.09047	38.00793	-1.0	23.5.2012	9:1:48	3	35.90519037776155	28.6	0.23633036448674333	11.968396792587184	0		
104149404	28	 -122.09065	38.00762	-1.0	23.5.2012	9:1:51	3	33.85783784605379	27.299999	0.3459782694062945	11.285945948684597	0		
104149404	29	 -122.09071	38.00731	-1.0	23.5.2012	9:1:54	3	30.59216166917321	24.899999	0.4157638944626989	10.197387223057737	0		
104149404	30	 -122.09063	38.00704	-1.0	23.5.2012	9:1:57	3	26.44568568774322	20.5	0.37913642611241394	8.815228562581074	0		
104149404	31	 -122.09055	38.00682	-1.0	23.5.2012	9:2:0	3	21.784057274495805	16.799999	0.09907375874190401	7.2613524248319345	0		
104149404	32	 -122.09041	38.00666	-1.0	23.5.2012	9:2:3	3	19.28028894017413	14.3	0.3707111537607992	6.426762980058044	0		
104149404	33	 -122.09016	38.00662	-1.0	23.5.2012	9:2:6	3	22.63886435257202	17.399999	0.6604007238643765	7.546288117524007	0		
104149404	34	 -122.08982	38.00672	-1.0	23.5.2012	9:2:9	3	29.807803413366315	25.5	0.7067958627511762	9.935934471122104	0		
104149404	35	 -122.0894	38.00685	-1.0	23.5.2012	9:2:12	3	36.904791335770064	30.399999	0.6366621687719402	12.301597111923355	0		
104149404	36	 -122.08891	38.007	-1.0	23.5.2012	9:2:15	3	43.050548428305504	34.799999	0.5328108110188499	14.350182809435168	0		
104149404	37	 -122.08837	38.00714	-1.0	23.5.2012	9:2:18	3	48.14182543036818	37.900001	0.427220686263026	16.04727514345606	0		
104149404	38	 -122.08778	38.00728	-1.0	23.5.2012	9:2:21	3	52.60355981829379	41.0	0.34056230468862964	17.534519939431263	0		
104149404	39	 -122.08714	38.00743	-1.0	23.5.2012	9:2:24	3	56.20744927084781	44.099998	0.31073743515159374	18.735816423615937	0		
104149404	40	 -122.08644	38.00752	-1.0	23.5.2012	9:2:27	3	59.17293299561677	47.2	0.371167390332777	19.724310998538922	0		
104149404	41	 -122.08569	38.00747	-1.0	23.5.2012	9:2:30	3	62.4792459830311	49.7	0.4904503558018975	20.826415327677033	0		
104149404	42	 -122.08495	38.00724	-1.0	23.5.2012	9:2:33	3	67.00400780650683	52.799999	0.5707837519132261	22.33466926883561	0		
104149404	43	 -122.08427	38.00682	-1.0	23.5.2012	9:2:36	3	72.98083432063872	56.5	0.5361467730026535	24.32694477354624	0		
104149404	44	 -122.08365	38.00627	-1.0	23.5.2012	9:2:39	3	78.93320753061917	63.400001	0.396126985289094	26.31106917687306	0		
104149404	45	 -122.08294	38.00567	-1.0	23.5.2012	9:2:42	3	83.37256713684467	67.699996	0.221336833303126	27.790855712281555	0		
104149404	46	 -122.08226	38.00505	-1.0	23.5.2012	9:2:45	3	84.27925603373522	67.099998	0.08431834618840087	28.09308534457841	0		
104149404	47	 -122.08161	38.00446	-1.0	23.5.2012	9:2:48	3	83.669689997663	62.099998	0.017448667699946147	27.889896665887665	0		
104149404	48	 -122.08099	38.0039	-1.0	23.5.2012	9:2:51	3	83.07180662908199	60.900001	0.007819574512339313	27.690602209693996	0		
104149404	49	 -122.08035	38.00335	-1.0	23.5.2012	9:2:54	3	83.20427265109372	60.900001	0.02230032602823425	27.734757550364574	0		
104149404	50	 -122.07971	38.00281	-1.0	23.5.2012	9:2:57	3	83.4706518852119	61.5	0.0343173878722794	27.823550628403964	0		
104149404	51	 -122.07907	38.00225	-1.0	23.5.2012	9:3:0	3	84.19412740878902	62.799999	0.03461585653219191	28.064709136263005	0		
104149404	52	 -122.07843	38.00167	-1.0	23.5.2012	9:3:3	3	84.67890785445084	64.0	0.029382930796230645	28.22630261815028	0		
104149404	53	 -122.07779	38.00109	-1.0	23.5.2012	9:3:6	3	84.73932155999559	63.400001	0.029979158360485668	28.24644051999853	0		
104149404	54	 -122.07716	38.00051	-1.0	23.5.2012	9:3:9	3	84.75895249691214	62.099998	0.04162177806731605	28.252984165637383	0		
104149404	55	 -122.07653	37.99994	-1.0	23.5.2012	9:3:12	3	85.05204436945381	62.799999	0.0598664424048749	28.350681456484605	0		
104149404	56	 -122.07588	37.99937	-1.0	23.5.2012	9:3:15	3	85.82898295591993	64.0	0.07724645492664269	28.609660985306643	0		
104149404	57	 -122.0752	37.9988	-1.0	23.5.2012	9:3:18	3	86.68164806279611	64.599998	0.08960612055317367	28.893882687598705	0		
104149404	58	 -122.0745	37.99825	-1.0	23.5.2012	9:3:21	3	87.46177430975966	65.199996	0.09602020157300828	29.153924769919886	0		
104149404	59	 -122.07379	37.99768	-1.0	23.5.2012	9:3:24	3	88.61778921097701	65.900001	0.09522673113927925	29.53926307032567	0		
104149404	60	 -122.07307	37.99711	-1.0	23.5.2012	9:3:27	3	89.55414535058485	66.5	0.08426698621316676	29.851381783528282	0		
104149404	61	 -122.07234	37.99653	-1.0	23.5.2012	9:3:30	3	90.55903768428057	67.699996	0.05911709361620049	30.18634589476019	0		
104149404	62	 -122.07161	37.99595	-1.0	23.5.2012	9:3:33	3	91.36208977856501	69.0	0.01935200447390409	30.454029926188337	0		
104149404	63	 -122.07087	37.99534	-1.0	23.5.2012	9:3:36	3	92.00890462777645	69.0	0.025059245165512237	30.66963487592548	0		
104149404	64	 -122.07014	37.99473	-1.0	23.5.2012	9:3:39	3	91.56678150823487	69.0	0.055459246014680476	30.522260502744956	0		
104149404	65	 -122.06947	37.99409	-1.0	23.5.2012	9:3:42	3	90.82708093783802	68.400001	0.05853893881938007	30.275693645946006	0		
104149404	66	 -122.0689	37.99341	-1.0	23.5.2012	9:3:45	3	90.09386280452188	67.699996	0.03679450786611739	30.03128760150729	0		
104149404	67	 -122.06842	37.99268	-1.0	23.5.2012	9:3:48	3	89.74170375206546	67.099998	0.0058032783334389035	29.913901250688486	0		
104149404	68	 -122.06804	37.99193	-1.0	23.5.2012	9:3:51	3	89.47247983523495	67.099998	0.014583936697049153	29.824159945078318	0		
104149404	69	 -122.06775	37.99115	-1.0	23.5.2012	9:3:54	3	89.88563877407603	67.699996	0.011072887374685404	29.961879591358677	0		
104149404	70	 -122.06756	37.99033	-1.0	23.5.2012	9:3:57	3	90.24547476581328	69.0	0.011472919977761096	30.081824921937763	0		
104149404	71	 -122.0674	37.98951	-1.0	23.5.2012	9:4:0	3	89.76717523952495	68.400001	0.034040005936896274	29.922391746508314	0		
104149404	72	 -122.06725	37.98871	-1.0	23.5.2012	9:4:3	3	88.90963640078064	65.900001	0.04330980759979324	29.63654546692688	0		
104149404	73	 -122.0671	37.98793	-1.0	23.5.2012	9:4:6	3	88.30210226076682	65.199996	0.04238174694937116	29.43403408692227	0		
104149404	74	 -122.06695	37.98715	-1.0	23.5.2012	9:4:9	3	88.12192506912447	65.199996	0.03996205973381452	29.373975023041492	0		
104149404	75	 -122.06681	37.98636	-1.0	23.5.2012	9:4:12	3	87.87683326794826	65.199996	0.03658691366778749	29.292277755982752	0		
104149404	76	 -122.06665	37.98558	-1.0	23.5.2012	9:4:15	3	87.27348989601255	64.599998	0.025003617491608957	29.09116329867085	0		
104149404	77	 -122.06649	37.98481	-1.0	23.5.2012	9:4:18	3	86.75926162386239	64.0	6.972556784612515E-4	28.919753874620795	0		
104149404	78	 -122.06633	37.98405	-1.0	23.5.2012	9:4:21	3	86.6005516666782	64.0	0.03168607235774352	28.8668505555594	0		
104149404	79	 -122.06618	37.98328	-1.0	23.5.2012	9:4:24	3	87.00965196501961	64.599998	0.06020399507767251	29.003217321673205	0		
104149404	80	 -122.06603	37.98251	-1.0	23.5.2012	9:4:27	3	87.69621756471156	64.599998	0.07047944357013185	29.23207252157052	0		
104149404	81	 -122.06588	37.98173	-1.0	23.5.2012	9:4:30	3	88.86941717362484	66.5	0.052915324109038986	29.623139057874948	0		
104149404	82	 -122.06572	37.98092	-1.0	23.5.2012	9:4:33	3	90.01029717948013	67.699996	0.011829797555252495	30.003432393160043	0		
104149404	83	 -122.06555	37.9801	-1.0	23.5.2012	9:4:36	3	90.14485703337344	68.400001	0.03384423565350322	30.048285677791146	0		
104149404	84	 -122.06539	37.97929	-1.0	23.5.2012	9:4:39	3	89.4384517109114	67.699996	0.0631029168654559	29.812817236970464	0		
104149404	85	 -122.06519	37.9785	-1.0	23.5.2012	9:4:42	3	88.48842749071912	65.199996	0.06682779186742246	29.496142496906373	0		
104149404	86	 -122.06494	37.97774	-1.0	23.5.2012	9:4:45	3	87.61064766981207	65.199996	0.04931302882672159	29.203549223270688	0		
104149404	87	 -122.06464	37.97699	-1.0	23.5.2012	9:4:48	3	87.19556157058625	64.599998	0.02010807235391293	29.065187190195417	0		
104149404	88	 -122.06428	37.97626	-1.0	23.5.2012	9:4:51	3	86.89834400449391	64.599998	0.011917655229459836	28.966114668164636	0		
104149404	89	 -122.06387	37.97555	-1.0	23.5.2012	9:4:54	3	86.95830821545286	64.599998	0.03729774710968158	28.986102738484288	0		
104149404	90	 -122.06341	37.97486	-1.0	23.5.2012	9:4:57	3	87.47871500606912	65.199996	0.04659012141697264	29.159571668689708	0		
104149404	91	 -122.06289	37.97417	-1.0	23.5.2012	9:5:0	3	88.31286120660687	66.5	0.03698985666610923	29.43762040220229	0		
104149404	92	 -122.06233	37.9735	-1.0	23.5.2012	9:5:3	3	88.64557686370406	67.099998	0.016106693914253796	29.54852562123469	0		
104149404	93	 -122.06177	37.97282	-1.0	23.5.2012	9:5:6	3	88.80526409714037	66.5	0.003626870203347758	29.60175469904679	0		
104149404	94	 -122.06121	37.97215	-1.0	23.5.2012	9:5:9	3	88.48966640069374	65.900001	0.013500084490843408	29.496555466897913	0		
104149404	95	 -122.06065	37.97149	-1.0	23.5.2012	9:5:12	3	88.17674125000941	65.199996	0.012752579772350206	29.39224708333647	0		
104149404	96	 -122.0601	37.97083	-1.0	23.5.2012	9:5:15	3	88.00828615534502	65.199996	0.006576376669908481	29.336095385115005	0		
104149404	97	 -122.05955	37.97017	-1.0	23.5.2012	9:5:18	3	87.99160063523348	65.199996	7.668871886975486E-4	29.330533545077827	0		
104149404	98	 -122.059	37.96951	-1.0	23.5.2012	9:5:21	3	88.05230656804467	65.199996	0.0027210388234772016	29.35076885601489	0		
104149404	99	 -122.05844	37.96885	-1.0	23.5.2012	9:5:24	3	88.1452962664006	65.900001	0.00659147439839028	29.381765422133537	0		
104149404	100	 -122.05789	37.96818	-1.0	23.5.2012	9:5:27	3	88.11682230139883	65.900001	0.014965935186122667	29.372274100466274	0		
104149404	101	 -122.05734	37.96752	-1.0	23.5.2012	9:5:30	3	88.03435316317008	65.199996	0.027337324461065737	29.34478438772336	0		
104149404	102	 -122.0568	37.96686	-1.0	23.5.2012	9:5:33	3	88.35901785841284	65.199996	0.03718519682623769	29.45300595280428	0		
104149404	103	 -122.05627	37.96618	-1.0	23.5.2012	9:5:36	3	89.06855674703611	66.5	0.03834901291271164	29.689518915678704	0		
104149404	104	 -122.05577	37.96547	-1.0	23.5.2012	9:5:39	3	89.64269452492341	67.099998	0.031487670245650565	29.880898174974472	0		
104149404	105	 -122.0553	37.96474	-1.0	23.5.2012	9:5:42	3	89.87521364796311	67.699996	0.02142623922808719	29.958404549321035	0		
104149404	106	 -122.05488	37.964	-1.0	23.5.2012	9:5:45	3	89.89640833491895	67.699996	0.009420165578771358	29.96546944497298	0		
104149404	107	 -122.05448	37.96325	-1.0	23.5.2012	9:5:48	3	90.07830305765242	67.099998	0.010147211526932914	30.026101019217474	0		
104149404	108	 -122.05409	37.9625	-1.0	23.5.2012	9:5:51	3	90.14834880381927	66.5	0.04485378713932108	30.049449601273093	0		
104149404	109	 -122.0537	37.96174	-1.0	23.5.2012	9:5:54	3	90.1011604216415	67.099998	0.09497621102073987	30.033720140547164	0		
104149404	110	 -122.05331	37.96099	-1.0	23.5.2012	9:5:57	3	89.35627111558084	67.699996	0.14501890981794177	29.78542370519361	0		
104149404	111	 -122.05292	37.96023	-1.0	23.5.2012	9:6:0	3	88.10072943402137	65.900001	0.1661486513799228	29.36690981134046	0		
104149404	112	 -122.05263	37.95948	-1.0	23.5.2012	9:6:3	3	86.07921133327243	65.199996	0.13807467966339787	28.69307044442414	0		
104149404	113	 -122.05251	37.95871	-1.0	23.5.2012	9:6:6	3	84.81261804210398	64.0	0.07071338019691115	28.270872680701327	0		
104149404	114	 -122.05255	37.95792	-1.0	23.5.2012	9:6:9	3	83.96276167682322	64.0	9.088569856569395E-4	27.98758722560774	0		
104149404	115	 -122.05277	37.95718	-1.0	23.5.2012	9:6:12	3	83.32521080014807	62.799999	0.03986838531084462	27.775070266716025	0		
104149404	116	 -122.05309	37.95647	-1.0	23.5.2012	9:6:15	3	83.96911451159174	63.400001	0.029630355175075597	27.989704837197248	0		
104149404	117	 -122.05347	37.95574	-1.0	23.5.2012	9:6:18	3	84.89330696306105	65.900001	0.015556095518242477	28.297768987687018	0		
104149404	118	 -122.05387	37.95502	-1.0	23.5.2012	9:6:21	3	84.43171750138103	64.0	0.06083792254806967	28.143905833793678	0		
104149404	119	 -122.05423	37.95431	-1.0	23.5.2012	9:6:24	3	83.21153807398773	62.099998	0.07505244703327013	27.73717935799591	0		
104149404	120	 -122.05458	37.95362	-1.0	23.5.2012	9:6:27	3	81.8327289987988	60.299999	0.04837445925863553	27.277576332932934	0		
104149404	121	 -122.05491	37.95295	-1.0	23.5.2012	9:6:30	3	80.83614487823087	59.0	0.005066860332450722	26.945381626076955	0		
104149404	122	 -122.05522	37.95229	-1.0	23.5.2012	9:6:33	3	80.88113411141427	58.400001	0.05590232040630884	26.96037803713809	0		
104149404	123	 -122.05552	37.95161	-1.0	23.5.2012	9:6:36	3	82.07661569144916	60.900001	0.07690191409029161	27.358871897149722	0		
104149404	124	 -122.05583	37.9509	-1.0	23.5.2012	9:6:39	3	83.54787456202497	62.799999	0.059423383535628344	27.849291520674992	0		
104149404	125	 -122.05616	37.95018	-1.0	23.5.2012	9:6:42	3	84.46943283751959	64.599998	0.01679602214074115	28.15647761250653	0		
104149404	126	 -122.0565	37.94944	-1.0	23.5.2012	9:6:45	3	84.71060389995185	64.0	0.025725524293110827	28.236867966650617	0		
104149404	127	 -122.05684	37.94872	-1.0	23.5.2012	9:6:48	3	83.84929406343001	62.799999	0.04715776015074455	27.949764687810003	0		
104149404	128	 -122.05717	37.94802	-1.0	23.5.2012	9:6:51	3	82.95777302083579	61.5	0.04193656404129018	27.65259100694526	0		
104149404	129	 -122.05748	37.94732	-1.0	23.5.2012	9:6:54	3	82.40764152411099	60.299999	0.018570693227025818	27.46921384137033	0		
104149404	130	 -122.05778	37.94663	-1.0	23.5.2012	9:6:57	3	82.10084614293393	60.299999	0.008931897676813646	27.36694871431131	0		
104149404	131	 -122.05809	37.94594	-1.0	23.5.2012	9:7:0	3	82.39076503651091	60.900001	0.028653365732741375	27.463588345503638	0		
104149404	132	 -122.05841	37.94524	-1.0	23.5.2012	9:7:3	3	82.94301351167385	61.5	0.03518231511315906	27.647671170557953	0		
104149404	133	 -122.05872	37.94453	-1.0	23.5.2012	9:7:6	3	83.40908907247699	62.799999	0.03022851052556342	27.803029690825664	0		
104149404	134	 -122.05903	37.94381	-1.0	23.5.2012	9:7:9	3	83.7725251540888	62.799999	0.01817454313939114	27.924175051362933	0		
104149404	135	 -122.05935	37.9431	-1.0	23.5.2012	9:7:12	3	83.89168217139822	62.799999	0.0027097405636229773	27.963894057132737	0		
104149404	136	 -122.05967	37.94238	-1.0	23.5.2012	9:7:15	3	84.10328308918754	62.799999	0.012056536702066604	28.03442769639585	0		
104149404	137	 -122.05997	37.94166	-1.0	23.5.2012	9:7:18	3	83.96200309680502	62.799999	0.019161722839785757	27.987334365601672	0		
104149404	138	 -122.06022	37.94092	-1.0	23.5.2012	9:7:21	3	83.78713005256458	64.0	0.010920607075078656	27.929043350854858	0		
104149404	139	 -122.0604	37.94018	-1.0	23.5.2012	9:7:24	3	83.32759611001057	62.099998	0.014859010788487633	27.775865370003526	0		
104149404	140	 -122.06051	37.93943	-1.0	23.5.2012	9:7:27	3	83.27161614227856	61.5	0.04916319647025661	27.75720538075952	0		
104149404	141	 -122.06056	37.93869	-1.0	23.5.2012	9:7:30	3	83.5780119807265	61.5	0.07311613548154855	27.859337326908832	0		
104149404	142	 -122.06055	37.93793	-1.0	23.5.2012	9:7:33	3	84.76794435394604	62.799999	0.06752771994189141	28.255981451315346	0		
104149404	143	 -122.06051	37.93716	-1.0	23.5.2012	9:7:36	3	85.88534047818685	65.199996	0.02509411638868118	28.628446826062284	0		
104149404	144	 -122.06048	37.93636	-1.0	23.5.2012	9:7:39	3	86.67621092747223	65.900001	0.045630627842781143	28.892070309157408	0		
104149404	145	 -122.06045	37.93557	-1.0	23.5.2012	9:7:42	3	86.16381784271772	65.199996	0.12521225749345738	28.72127261423924	0		
104149404	146	 -122.06042	37.93478	-1.0	23.5.2012	9:7:45	3	84.90998288869328	64.0	0.19166182627957934	28.303327629564425	0		
104149404	147	 -122.06041	37.93402	-1.0	23.5.2012	9:7:48	3	82.496297940227	62.099998	0.2277378044029185	27.498765980075664	0		
104149404	148	 -122.06041	37.93329	-1.0	23.5.2012	9:7:51	3	79.73338778064311	57.799999	0.22767771799108855	26.577795926881038	0		
104149404	149	 -122.06044	37.9326	-1.0	23.5.2012	9:7:54	3	76.97913834025898	55.900001	0.20059304157716618	25.659712780086327	0		
104149404	150	 -122.06046	37.93194	-1.0	23.5.2012	9:7:57	3	74.92158453490708	54.099998	0.16612073869338823	24.973861511635693	0		
104149404	151	 -122.06047	37.93129	-1.0	23.5.2012	9:8:0	3	73.63406421938899	53.400001	0.14175867917764748	24.544688073129663	0		
104149404	152	 -122.0605	37.93064	-1.0	23.5.2012	9:8:3	3	72.62137565726911	54.099998	0.13023800319490653	24.207125219089704	0		
104149404	153	 -122.06053	37.92999	-1.0	23.5.2012	9:8:6	3	71.40605697109721	52.799999	0.11753965038904185	23.802018990365738	0		
104149404	154	 -122.06058	37.92936	-1.0	23.5.2012	9:8:9	3	69.84320330246373	52.2	0.0853970865004884	23.28106776748791	0		
104149404	155	 -122.06063	37.92874	-1.0	23.5.2012	9:8:12	3	68.52721902201652	50.299999	0.027782413554696177	22.842406340672174	0		
104149404	156	 -122.06069	37.92815	-1.0	23.5.2012	9:8:15	3	67.73820403768059	47.2	0.040628604051574195	22.57940134589353	0		
104149404	157	 -122.06076	37.92758	-1.0	23.5.2012	9:8:18	3	68.46956416071437	49.7	0.09456419768354857	22.823188053571457	0		
104149404	158	 -122.06083	37.92694	-1.0	23.5.2012	9:8:21	3	70.53008188556244	54.7	0.12042879937276697	23.51002729518748	0		
104149404	159	 -122.06088	37.92629	-1.0	23.5.2012	9:8:24	3	71.48291592095474	52.2	0.12217602811005605	23.827638640318245	0		
104149404	160	 -122.06096	37.92566	-1.0	23.5.2012	9:8:27	3	72.63606401186094	54.7	0.10801547012429127	24.21202133728698	0		
104149404	161	 -122.06105	37.92498	-1.0	23.5.2012	9:8:30	3	74.46697973960082	55.900001	0.08599655936749585	24.82232657986694	0		
104149404	162	 -122.06115	37.92429	-1.0	23.5.2012	9:8:33	3	75.04831551787669	55.900001	0.06706499249029023	25.01610517262556	0		
104149404	163	 -122.0613	37.92362	-1.0	23.5.2012	9:8:36	3	75.27613254401493	56.5	0.056096826407301764	25.09204418133831	0		
104149404	164	 -122.06151	37.92296	-1.0	23.5.2012	9:8:39	3	75.88806361589083	55.900001	0.046400116836692075	25.29602120529694	0		
104149404	165	 -122.06174	37.92229	-1.0	23.5.2012	9:8:42	3	76.59326430189637	56.5	0.030558233778705923	25.53108810063212	0		
104149404	166	 -122.06199	37.92162	-1.0	23.5.2012	9:8:45	3	76.95078314434039	57.799999	0.008069946342777776	25.650261048113464	0		
104149404	167	 -122.06226	37.92095	-1.0	23.5.2012	9:8:48	3	77.05468658095918	57.799999	0.019069586278924976	25.684895526986395	0		
104149404	168	 -122.06255	37.92029	-1.0	23.5.2012	9:8:51	3	76.85543781557922	57.2	0.053636742870052566	25.61847927185974	0		
104149404	169	 -122.06291	37.91966	-1.0	23.5.2012	9:8:54	3	76.54622994047955	57.799999	0.10248731952172317	25.51540998015985	0		
104149404	170	 -122.0633	37.91903	-1.0	23.5.2012	9:8:57	3	75.95310826346063	56.5	0.16967064921788053	25.317702754486877	0		
104149404	171	 -122.06369	37.91842	-1.0	23.5.2012	9:9:0	3	74.35222444395444	55.900001	0.2566459979003048	24.78407481465148	0		
104149404	172	 -122.06412	37.91784	-1.0	23.5.2012	9:9:3	3	72.16005428796753	55.299999	0.37115922927956135	24.053351429322507	0		
104149404	173	 -122.0646	37.91732	-1.0	23.5.2012	9:9:6	3	68.90411892936807	51.599998	0.5287241120124168	22.96803964312269	0		
104149404	174	 -122.06511	37.91686	-1.0	23.5.2012	9:9:9	3	64.46822698812612	48.5	0.7354260948547625	21.48940899604204	0		
104149404	175	 -122.06559	37.91645	-1.0	23.5.2012	9:9:12	3	58.11806036267503	44.099998	0.9589456247100724	19.372686787558344	0		
104149404	176	 -122.066	37.91607	-1.0	23.5.2012	9:9:15	3	49.28856779969757	46.0	1.112302251959304	16.42952259989919	1		
104149404	177	 -122.06643	37.91579	-1.0	23.5.2012	9:9:18	3	38.374537964444464	32.299999	1.0902584096009704	12.791512654814822	0		
104149404	178	 -122.06689	37.9158	-1.0	23.5.2012	9:9:21	3	28.419178720105936	29.2	0.849511389027296	9.473059573368646	0		
104149404	179	 -122.06721	37.91608	-1.0	23.5.2012	9:9:24	3	22.58804767508438	29.799999	0.43121408483816226	7.529349225028127	0		
104149404	180	 -122.06728	37.91644	-1.0	23.5.2012	9:9:27	3	19.91308285200014	29.2	0.06516984074490188	6.637694284000047	0		
104149404	181	 -122.06703	37.91677	-1.0	23.5.2012	9:9:30	3	20.099399431132586	29.2	0.43411707364072716	6.699799810377528	0		
104149404	182	 -122.0666	37.91691	-1.0	23.5.2012	9:9:33	3	21.02125888070162	28.6	0.6243223920817494	7.007086293567206	0		
104149404	183	 -122.06617	37.91679	-1.0	23.5.2012	9:9:36	3	24.80452020757644	29.2	0.6108356621906854	8.26817340252548	0		
104149404	184	 -122.06595	37.91646	-1.0	23.5.2012	9:9:39	3	30.000977829735643	30.399999	0.40255335441836276	10.000325943245214	1		
104149404	185	 -122.0659	37.91608	-1.0	23.5.2012	9:9:42	3	33.47231598237968	31.7	0.09188336166388039	11.157438660793227	0		
104149404	186	 -122.06583	37.91569	-1.0	23.5.2012	9:9:45	3	34.19724777589399	31.7	0.19549557241225493	11.399082591964664	0		
104149404	187	 -122.06578	37.91532	-1.0	23.5.2012	9:9:48	3	30.770655048734767	28.0	0.3485563346057405	10.256885016244922	0		
104149404	188	 -122.06574	37.91503	-1.0	23.5.2012	9:9:51	3	24.154962971578584	18.6	0.3088391618063786	8.051654323859529	0		
104149404	189	 -122.06573	37.9149	-1.0	23.5.2012	9:9:54	3	17.56190259298055	6.199999	0.10571122236006882	5.8539675309935175	0		
104149404	190	 -122.06572	37.91485	-1.0	23.5.2012	9:9:57	3	15.828333379969658	1.899999	0.14728681635177293	5.276111126656553	0		
104149404	191	 -122.06572	37.91478	-1.0	23.5.2012	9:10:0	3	19.163413847889604	10.6	0.3116534701236713	6.387804615963201	0		
104149404	192	 -122.06569	37.91459	-1.0	23.5.2012	9:10:3	3	25.460065813133	19.299999	0.29714017087243466	8.486688604377667	0		
104149404	193	 -122.06565	37.91431	-1.0	23.5.2012	9:10:6	3	30.80467871654504	26.7	0.10128718728939567	10.268226238848348	0		
104149404	194	 -122.0656	37.91395	-1.0	23.5.2012	9:10:9	3	33.45015331966805	31.1	0.2400234132878528	11.150051106556015	0		
104149404	195	 -122.06556	37.91358	-1.0	23.5.2012	9:10:12	3	31.38877264741479	29.2	0.5608939714163165	10.46292421580493	0		
104149404	196	 -122.06554	37.91325	-1.0	23.5.2012	9:10:15	3	24.88171885478744	23.6	0.6768756895470563	8.293906284929147	0		
104149404	197	 -122.06552	37.91303	-1.0	23.5.2012	9:10:18	3	15.469765446797823	13.699999	0.555000852587153	5.156588482265941	1		
104149404	198	 -122.06552	37.91294	-1.0	23.5.2012	9:10:21	3	5.503863387317092	4.3	0.3440288701001806	1.8346211291056973	1		
104149404	199	 -122.06554	37.9129	-1.0	23.5.2012	9:11:3	42	47.96810765810936	2.5	0.18650479608572837	1.142097801383556	1		
104149404	200	 -122.06553	37.91281	-1.0	23.5.2012	9:11:6	3	11.604979798749643	9.899999	0.12184300945747686	3.8683265995832143	2		
104149404	201	 -122.06552	37.91265	-1.0	23.5.2012	9:11:9	3	12.855268655937232	16.2	0.03412357496448688	4.285089551979078	2		
104149404	202	 -122.0655	37.91245	-1.0	23.5.2012	9:11:12	3	12.730059638907502	16.2	0.07154676400159894	4.243353212969168	2		
104149404	203	 -122.06549	37.91227	-1.0	23.5.2012	9:11:15	3	10.010072689274482	13.699999	0.1147082200714528	3.336690896424827	2		
104149404	204	 -122.06548	37.91216	-1.0	23.5.2012	9:11:18	3	5.833573030454642	2.5	0.07051269197672715	1.9445243434848807	2		
104149404	205	 -122.06548	37.91215	-1.0	23.5.2012	9:11:25	7	9.618436282570975	2.5	0.12895193364295388	1.3740623260815679	1	stopPointStart	dwellTime
104149404	206	 -122.06542	37.91201	-1.0	23.5.2012	9:13:36	131	36.487247351708895	13.0	0.16857878028016068	0.27852860573823585	1	stopPointEnd	dwellTime
104149404	207	 -122.06525	37.9119	-1.0	23.5.2012	9:13:39	3	10.530428378370301	15.5	0.2146496708422489	3.5101427927901003	2		
104149404	208	 -122.06509	37.91187	-1.0	23.5.2012	9:13:42	3	8.40201700955895	6.8	0.33980149188351305	2.80067233651965	2		
104149404	209	 -122.06503	37.91186	-1.0	23.5.2012	9:13:45	3	9.68041327309807	1.899999	0.4707860950018252	3.226804424366023	1		
104149404	210	 -122.06494	37.91186	-1.0	23.5.2012	9:13:48	3	15.487347977250895	11.199999	0.5449528253357121	5.162449325750298	0		
104149404	211	 -122.06469	37.91183	-1.0	23.5.2012	9:13:51	3	23.289588488972733	18.6	0.5148130921148266	7.763196162990911	0		
104149404	212	 -122.06435	37.91176	-1.0	23.5.2012	9:13:54	3	29.486833273026086	25.5	0.4049917858947405	9.828944424342028	0		
104149404	213	 -122.06391	37.91168	-1.0	23.5.2012	9:13:57	3	33.80994176530321	29.799999	0.2682982009634561	11.269980588434402	0		
104149404	214	 -122.06345	37.91163	-1.0	23.5.2012	9:14:0	3	35.387307194605945	29.2	0.16356456823741736	11.795769064868649	0		
104149404	215	 -122.06303	37.91158	-1.0	23.5.2012	9:14:3	3	35.85769029280702	26.7	0.09440703510065036	11.952563430935674	0		
104149404	216	 -122.06261	37.91158	-1.0	23.5.2012	9:14:6	3	36.92789581889955	26.7	0.015212375503438683	12.30929860629985	0		
104149404	217	 -122.06219	37.91165	-1.0	23.5.2012	9:14:9	3	38.03545032027314	28.6	0.11890766619472314	12.678483440091048	0		
104149404	218	 -122.06172	37.91169	-1.0	23.5.2012	9:14:12	3	38.36995595286132	31.7	0.30585711938892785	12.78998531762044	0		
104149404	219	 -122.06124	37.91171	-1.0	23.5.2012	9:14:15	3	35.68186945106073	30.399999	0.5347612205841565	11.893956483686908	0		
104149404	220	 -122.06082	37.91168	-1.0	23.5.2012	9:14:18	3	29.74514638462994	26.1	0.653537561937325	9.915048794876647	0		
104149404	221	 -122.06049	37.91164	-1.0	23.5.2012	9:14:21	3	21.557165359461393	15.5	0.5497999848463282	7.1857217864871314	1		
104149404	222	 -122.06036	37.91161	-1.0	23.5.2012	9:14:24	3	13.145438582043948	3.7	0.20886663175445253	4.381812860681316	2		
104149404	223	 -122.0603	37.91159	-1.0	23.5.2012	9:14:27	3	9.003892513202842	3.7	0.14619628059947729	3.0012975044009473	1		
104149404	224	 -122.06027	37.91158	-1.0	23.5.2012	9:14:33	6	20.412134228615848	2.5	0.03734152948490146	3.4020223714359745	1		
104149404	225	 -122.06019	37.91156	-1.0	23.5.2012	9:14:36	3	12.821050180093948	6.199999	0.28556878656991763	4.273683393364649	1		
104149404	226	 -122.06011	37.91147	-1.0	23.5.2012	9:14:39	3	17.617802067689297	12.399999	0.5832387156150332	5.872600689229766	0		
104149404	227	 -122.06004	37.91125	-1.0	23.5.2012	9:14:42	3	24.65073036822841	21.1	0.6557626127491396	8.216910122742803	0		
104149404	228	 -122.05992	37.91096	-1.0	23.5.2012	9:14:45	3	31.298673706817578	27.299999	0.5276671608013183	10.43289123560586	0		
104149404	229	 -122.05969	37.91065	-1.0	23.5.2012	9:14:48	3	36.8529653903254	31.7	0.3490713420341739	12.284321796775133	0		
104149404	230	 -122.05941	37.91031	-1.0	23.5.2012	9:14:51	3	40.69515201872995	34.799999	0.19059222533443498	13.565050672909983	0		
104149404	231	 -122.05911	37.90995	-1.0	23.5.2012	9:14:54	3	42.128951280517136	35.400001	0.06638479543650593	14.042983760172378	0		
104149404	232	 -122.05886	37.90958	-1.0	23.5.2012	9:14:57	3	41.74066624966233	32.299999	0.003682312898739921	13.91355541655411	0		
104149404	233	 -122.05875	37.90922	-1.0	23.5.2012	9:15:0	3	40.95071851298778	29.799999	0.04586394845081527	13.650239504329258	0		
104149404	234	 -122.05868	37.90886	-1.0	23.5.2012	9:15:3	3	41.024236060330885	31.1	0.1016104811527246	13.674745353443628	0		
104149404	235	 -122.05861	37.90848	-1.0	23.5.2012	9:15:6	3	40.87585753276566	31.7	0.18688967628128855	13.625285844255218	0		
104149404	236	 -122.05857	37.90809	-1.0	23.5.2012	9:15:9	3	39.26442646660309	31.1	0.2853471089419568	13.088142155534364	0		
104149404	237	 -122.05862	37.90773	-1.0	23.5.2012	9:15:12	3	35.91711473377685	28.0	0.370825611685323	11.972371577925616	0		
104149404	238	 -122.05869	37.90742	-1.0	23.5.2012	9:15:15	3	31.48407936929531	23.0	0.43325389517669743	10.494693123098436	0		
104149404	239	 -122.05872	37.90719	-1.0	23.5.2012	9:15:18	3	26.70469010438352	17.399999	0.48077112750316725	8.90156336812784	0		
104149404	240	 -122.05877	37.90699	-1.0	23.5.2012	9:15:21	3	22.67313343482021	15.5	0.4945413122892813	7.557711144940069	0		
104149404	241	 -122.05881	37.90682	-1.0	23.5.2012	9:15:24	3	18.035289683348367	13.699999	0.33921619418308	6.011763227782789	1		
104149404	242	 -122.05881	37.90667	-1.0	23.5.2012	9:15:27	3	13.965854964256783	11.8	0.14838819228258504	4.655284988085595	1		
104149404	243	 -122.05865	37.90659	-1.0	23.5.2012	9:15:30	3	15.513867814346586	14.899999	0.5168175373188455	5.171289271448862	0		
104149404	244	 -122.05839	37.90666	-1.0	23.5.2012	9:15:33	3	21.869798766818416	21.1	0.5022641761277921	7.289932922272805	0		
104149404	245	 -122.05805	37.90681	-1.0	23.5.2012	9:15:36	3	27.70781328916073	27.299999	0.30004103672645877	9.235937763053576	0		
104149404	246	 -122.05767	37.90697	-1.0	23.5.2012	9:15:39	3	30.472122842877074	26.7	0.061695761770421666	10.157374280959024	0		
104149404	247	 -122.05731	37.90712	-1.0	23.5.2012	9:15:42	3	30.315410267405568	25.5	0.12156466124059	10.105136755801857	0		
104149404	248	 -122.05696	37.90726	-1.0	23.5.2012	9:15:45	3	28.052499373448498	24.2	0.19519134519038064	9.350833124482833	0		
104149404	249	 -122.05665	37.90737	-1.0	23.5.2012	9:15:48	3	23.911281046864325	16.799999	0.14842637116287324	7.970427015621442	0		
104149404	250	 -122.05651	37.90742	-1.0	23.5.2012	9:15:51	3	20.171904709646732	6.8	0.03127891834239254	6.72396823654891	0		
104149404	251	 -122.05637	37.90747	-1.0	23.5.2012	9:15:54	3	21.171844058416948	12.399999	0.0715731890235389	7.057281352805649	0		
104149404	252	 -122.05615	37.90755	-1.0	23.5.2012	9:15:57	3	23.86639698232604	16.799999	0.10918282950692226	7.955465660775347	0		
104149404	253	 -122.05586	37.90765	-1.0	23.5.2012	9:16:0	3	25.71117508498089	21.1	0.09895249997037144	8.57039169499363	0		
104149404	254	 -122.05556	37.90776	-1.0	23.5.2012	9:16:3	3	26.059871475015903	20.5	0.08855740288300708	8.6866238250053	0		
104149404	255	 -122.05529	37.90786	-1.0	23.5.2012	9:16:6	3	25.945299765755255	17.399999	0.09661137839532657	8.648433255251751	0		
104149404	256	 -122.05504	37.90795	-1.0	23.5.2012	9:16:9	3	26.8129414114959	18.0	0.09412278315692355	8.9376471371653	0		
104149404	257	 -122.05477	37.90805	-1.0	23.5.2012	9:16:12	3	28.864759865138613	21.7	0.035225248719299114	9.62158662171287	0		
104149404	258	 -122.05443	37.90817	-1.0	23.5.2012	9:16:15	3	30.79770541693986	25.5	0.0996813462229667	10.26590180564662	0		
104149404	259	 -122.05408	37.90831	-1.0	23.5.2012	9:16:18	3	30.412208032833462	24.899999	0.32434442703205746	10.137402677611155	0		
104149404	260	 -122.05374	37.90842	-1.0	23.5.2012	9:16:21	3	27.64764464793496	22.399999	0.5402225680430621	9.215881549311653	0		
104149404	261	 -122.05343	37.90852	-1.0	23.5.2012	9:16:24	3	22.446117612976728	20.5	0.6116498440179732	7.482039204325576	0		
104149404	262	 -122.05318	37.90861	-1.0	23.5.2012	9:16:27	3	15.023818038601627	14.3	0.5000802812444294	5.007939346200542	1		
104149404	263	 -122.05304	37.90866	-1.0	23.5.2012	9:16:30	3	5.950467400456532	4.3	0.3157564356307065	1.9834891334855105	1		
104149404	264	 -122.053	37.90866	-1.0	23.5.2012	9:16:48	18	42.32376486851815	1.2	0.2356848474397915	2.3513202704732303	1		
104149404	265	 -122.05295	37.90867	-1.0	23.5.2012	9:16:51	3	9.938592134943853	6.8	0.26672217803627596	3.3128640449812843	2		
104149404	266	 -122.05279	37.90872	-1.0	23.5.2012	9:16:54	3	13.645435238386861	13.699999	0.3146353332590379	4.54847841279562	1		
104149404	267	 -122.05255	37.9088	-1.0	23.5.2012	9:16:57	3	16.184554854448347	18.6	0.3351872663454824	5.394851618149449	0		
104149404	268	 -122.05229	37.90886	-1.0	23.5.2012	9:17:0	3	17.635418074910444	15.5	0.36599021714184293	5.878472691636815	0		
104149404	269	 -122.05208	37.90884	-1.0	23.5.2012	9:17:3	3	20.31736751880557	14.3	0.3937957326150298	6.772455839601856	0		
104149404	270	 -122.05188	37.90867	-1.0	23.5.2012	9:17:6	3	25.536217776443902	21.7	0.37212536502494403	8.512072592147968	0		
104149404	271	 -122.05159	37.90847	-1.0	23.5.2012	9:17:9	3	29.87092881282458	25.5	0.28650038090201285	9.956976270941526	0		
104149404	272	 -122.05126	37.9083	-1.0	23.5.2012	9:17:12	3	32.32067521959568	26.7	0.1728082460038765	10.773558406531892	0		
104149404	273	 -122.05093	37.90811	-1.0	23.5.2012	9:17:15	3	34.1298738714218	26.7	0.04609748349954545	11.376624623807267	0		
104149404	274	 -122.05059	37.90789	-1.0	23.5.2012	9:17:18	3	34.98198272311862	25.5	0.10003938758418732	11.660660907706207	0		
104149404	275	 -122.0503	37.90766	-1.0	23.5.2012	9:17:21	3	34.18333723782443	27.299999	0.26660685514365706	11.394445745941477	0		
104149404	276	 -122.05004	37.9074	-1.0	23.5.2012	9:17:24	3	32.15732568978143	26.1	0.40897730864013293	10.719108563260477	0		
104149404	277	 -122.04981	37.90716	-1.0	23.5.2012	9:17:27	3	27.33508274678011	24.2	0.4055333296239469	9.111694248926703	0		
104149404	278	 -122.04961	37.90697	-1.0	23.5.2012	9:17:30	3	20.818547284566	16.799999	0.1250396822840245	6.939515761522	0		
104149404	279	 -122.04947	37.90693	-1.0	23.5.2012	9:17:33	3	17.276696881007645	9.899999	0.25641284675753945	5.758898960335881	0		
104149404	280	 -122.04932	37.90708	-1.0	23.5.2012	9:17:36	3	22.16202689259798	18.0	0.456065452854423	7.387342297532659	0		
104149404	281	 -122.04906	37.90725	-1.0	23.5.2012	9:17:39	3	28.47338561588273	23.0	0.31212163717335883	9.491128538627576	0		
104149404	282	 -122.04876	37.90745	-1.0	23.5.2012	9:17:42	3	32.50417319555614	25.5	0.12947758705275153	10.834724398518714	0		
104149404	283	 -122.04842	37.90761	-1.0	23.5.2012	9:17:45	3	33.21458045345704	24.899999	0.3921624027556508	11.071526817819013	0		
104149404	284	 -122.04805	37.90763	-1.0	23.5.2012	9:17:48	3	32.182396751969286	24.899999	0.15518258430135945	10.727465583989762	1		
104149404	285	 -122.04767	37.90754	-1.0	23.5.2012	9:17:49	1	13.607127860973797	26.299999	0.06592143238796697	13.607127860973797	1		
104149404	286	 -122.0473	37.90744	-1.0	23.5.2012	9:17:52	3	28.55888833822533	23.6	0.31205298807231646	9.51962944607511	0		
104149404	287	 -122.04696	37.90735	-1.0	23.5.2012	9:17:55	3	29.860451960896373	22.399999	0.12281312625157868	9.953483986965457	0		
104149404	288	 -122.04664	37.90726	-1.0	23.5.2012	9:17:58	3	30.035906325006067	21.1	0.19606720877136927	10.011968775002023	0		
104149404	289	 -122.04633	37.90717	-1.0	23.5.2012	9:18:1	3	27.50266138957378	21.1	0.24981364839377146	9.167553796524594	0		
104149404	290	 -122.04611	37.90704	-1.0	23.5.2012	9:18:4	3	24.06448271750438	16.2	0.15849699014604515	8.021494239168126	0		
104149404	291	 -122.046	37.90686	-1.0	23.5.2012	9:18:7	3	22.050469313846918	16.799999	0.11741077824132028	7.350156437948972	0		
104149404	292	 -122.04595	37.90665	-1.0	23.5.2012	9:18:10	3	21.165111418054106	16.2	0.10078584135238032	7.055037139351369	0		
104149404	293	 -122.04587	37.90649	-1.0	23.5.2012	9:18:13	3	20.146974427439943	13.699999	0.15515522369914647	6.715658142479981	0		
104149404	294	 -122.04573	37.90636	-1.0	23.5.2012	9:18:16	3	20.176324133724687	15.5	0.19153505342874313	6.725441377908229	0		
104149404	295	 -122.0455	37.90624	-1.0	23.5.2012	9:18:19	3	19.45799835706238	19.299999	0.18030767904852046	6.485999452354126	0		
104149404	296	 -122.04526	37.90615	-1.0	23.5.2012	9:18:22	3	16.50387727702037	14.899999	0.08249633975529548	5.501292425673456	1		
104149404	297	 -122.04512	37.90607	-1.0	23.5.2012	9:18:25	3	12.986272620568036	8.1	0.008498888187163723	4.328757540189345	1		
104149404	298	 -122.0451	37.90603	-1.0	23.5.2012	9:18:29	4	16.304589935172057	2.5	0.011792306744985747	4.076147483793014	1		
104149404	299	 -122.04501	37.90599	-1.0	23.5.2012	9:18:32	3	14.621703563482233	9.899999	0.050799721054007596	4.873901187827411	1		
104149404	300	 -122.04481	37.90597	-1.0	23.5.2012	9:18:35	3	16.781794550151737	14.3	0.13230474507078216	5.593931516717245	0		
104149404	301	 -122.04458	37.90592	-1.0	23.5.2012	9:18:38	3	17.920936609272257	15.5	0.16647166663543525	5.973645536424086	0		
104149404	302	 -122.04437	37.90584	-1.0	23.5.2012	9:18:41	3	18.79360969895378	15.5	0.1576418922472374	6.264536566317926	0		
104149404	303	 -122.04419	37.90569	-1.0	23.5.2012	9:18:44	3	19.96937181334104	16.2	0.10316018697774619	6.6564572711136805	0		
104149404	304	 -122.04411	37.9055	-1.0	23.5.2012	9:18:47	3	20.789429189730164	18.6	0.07866812130578982	6.929809729910055	0		
104149404	305	 -122.04403	37.9053	-1.0	23.5.2012	9:18:50	3	21.568719929872028	16.799999	0.06802713152205926	7.189573309957343	0		
104149404	306	 -122.04387	37.90513	-1.0	23.5.2012	9:18:53	3	22.2276055156685	17.399999	0.08117489059087722	7.409201838556167	0		
104149404	307	 -122.04364	37.90501	-1.0	23.5.2012	9:18:56	3	22.76706828950757	18.0	0.0973184071574504	7.58902276316919	0		
104149404	308	 -122.04342	37.9049	-1.0	23.5.2012	9:18:59	3	23.42375468499178	16.2	0.09057327509511102	7.8079182283305935	0		
104149404	309	 -122.04316	37.90483	-1.0	23.5.2012	9:19:2	3	24.813126605449902	18.6	0.047109727454752386	8.271042201816634	0		
104149404	310	 -122.04287	37.90475	-1.0	23.5.2012	9:19:5	3	26.12635008185151	20.5	0.031845930341644194	8.70878336061717	0		
104149404	311	 -122.04259	37.90461	-1.0	23.5.2012	9:19:8	3	26.439101450825092	21.7	0.1316857596220525	8.813033816941697	0		
104149404	312	 -122.04232	37.90445	-1.0	23.5.2012	9:19:11	3	25.05010369252456	21.1	0.22432462522544797	8.350034564174853	0		
104149404	313	 -122.04214	37.90426	-1.0	23.5.2012	9:19:14	3	21.978384811318815	19.299999	0.2703421367606449	7.326128270439605	0		
104149404	314	 -122.04205	37.90408	-1.0	23.5.2012	9:19:17	3	18.04051927547916	13.699999	0.23801759444451906	6.0135064251597194	0		
104149404	315	 -122.04192	37.90401	-1.0	23.5.2012	9:19:20	3	15.284221297904823	8.699999	0.14390393163009146	5.094740432634941	1		
104149404	316	 -122.04177	37.90402	-1.0	23.5.2012	9:19:23	3	14.353104467439971	7.5	0.050721587270311695	4.784368155813324	3		
104149404	317	 -122.04161	37.90402	-1.0	23.5.2012	9:19:26	3	14.369281952228706	9.899999	0.0066525017535953405	4.789760650742902	3		
104149404	318	 -122.04144	37.90402	-1.0	23.5.2012	9:19:29	3	14.55704408385542	10.6	0.035444339523390954	4.852348027951806	3		
104149404	319	 -122.04127	37.90404	-1.0	23.5.2012	9:19:32	3	15.032230860770383	11.199999	0.03419781031907086	5.010743620256794	1		
104149404	320	 -122.04109	37.90413	-1.0	23.5.2012	9:19:35	3	15.923785110873899	12.399999	0.011313001538053877	5.307928370291299	1		
104149404	321	 -122.04096	37.90425	-1.0	23.5.2012	9:19:38	3	15.786639392427826	11.8	0.09427189763425703	5.262213130809275	1		
104149404	322	 -122.04083	37.90438	-1.0	23.5.2012	9:19:41	3	15.108337450285878	11.8	0.1832375997111373	5.036112483428626	3		
104149404	323	 -122.04069	37.90447	-1.0	23.5.2012	9:19:44	3	12.974119237755659	10.6	0.25725389055471004	4.324706412585219	4		
104149404	324	 -122.04056	37.90452	-1.0	23.5.2012	9:19:47	3	9.920165180885686	6.199999	0.2841601271227377	3.306721726961895	7		
104149404	325	 -122.04048	37.90453	-1.0	23.5.2012	9:19:50	3	6.4467702184284965	4.3	0.24768414749705692	2.148923406142832	6		
104149404	326	 -122.04045	37.90454	-1.0	23.5.2012	9:19:53	3	3.677092279397176	1.2	0.16938637664571857	1.2256974264657254	5		
104149404	327	 -122.04041	37.90453	-1.0	23.5.2012	9:19:56	3	1.6290255578367783	1.2	0.09398938908974218	0.5430085192789261	5	stopPointStart	dwellTime
104149404	328	 -122.04039	37.90456	-1.0	23.5.2012	17:58:17	31101	4.89976782893348	4.3	0.20680194343682187	1.575437390737751E-4	5	stopPointEnd	dwellTime
104149404	329	 -122.04048	37.90458	-1.0	23.5.2012	17:58:20	3	8.046774643066483	7.5	0.25570067548124176	2.6822582143554943	6		
104149404	330	 -122.04058	37.90455	-1.0	23.5.2012	17:58:23	3	10.548801746412938	8.1	0.2971068317457632	3.5162672488043127	5		
104149404	331	 -122.04074	37.90448	-1.0	23.5.2012	17:58:26	3	14.272392994166378	12.399999	0.25113994400180406	4.7574643313887925	3		
104149404	332	 -122.04092	37.90435	-1.0	23.5.2012	17:58:29	3	17.05303589115581	16.2	0.1328664149657259	5.684345297051937	2		
104149404	333	 -122.04109	37.9042	-1.0	23.5.2012	17:58:32	3	17.949319301940637	15.5	0.015965583064300598	5.983106433980212	1		
104149404	334	 -122.04129	37.90409	-1.0	23.5.2012	17:58:35	3	18.089813051124455	13.699999	0.04289027046197903	6.029937683708152	2		
104149404	335	 -122.04153	37.9041	-1.0	23.5.2012	17:58:38	3	17.830028713103186	13.699999	0.0541759231051786	5.943342904367729	2		
104149404	336	 -122.04179	37.90413	-1.0	23.5.2012	17:58:41	3	16.397364238272434	13.699999	0.009832232316975342	5.4657880794241445	2		
104149404	337	 -122.04195	37.90417	-1.0	23.5.2012	17:58:44	3	14.162331714551732	5.599999	0.13311550791098253	4.720777238183911	1		
104149404	338	 -122.04203	37.90422	-1.0	23.5.2012	17:58:47	3	15.102898754142913	9.3	0.234352310036474	5.034299584714304	0		
104149404	339	 -122.04213	37.90437	-1.0	23.5.2012	17:58:50	3	19.148902109586395	16.799999	0.26657479387777977	6.382967369862132	0		
104149404	340	 -122.04228	37.90455	-1.0	23.5.2012	17:58:53	3	22.42909549474623	15.5	0.24022190641074725	7.476365164915411	0		
104149404	341	 -122.04252	37.90469	-1.0	23.5.2012	17:58:56	3	25.18273228356617	19.299999	0.17401642945578671	8.394244094522056	0		
104149404	342	 -122.04282	37.90482	-1.0	23.5.2012	17:58:59	3	27.153749067017415	21.1	0.0868345753118655	9.051249689005806	0		
104149404	343	 -122.04316	37.90491	-1.0	23.5.2012	17:59:2	3	27.709154221499325	21.7	0.0073898788390667665	9.236384740499775	0		
104149404	344	 -122.04346	37.905	-1.0	23.5.2012	17:59:5	3	27.255735862062213	19.299999	0.04087304424714159	9.085245287354072	0		
104149404	345	 -122.04373	37.90513	-1.0	23.5.2012	17:59:8	3	26.972859940221138	21.1	0.06235496870443257	8.990953313407045	0		
104149404	346	 -122.044	37.90529	-1.0	23.5.2012	17:59:11	3	26.39237564366971	19.299999	0.08252822403208739	8.797458547889903	0		
104149404	347	 -122.04412	37.90552	-1.0	23.5.2012	17:59:14	3	25.225714750816472	19.899999	0.11283787758120271	8.408571583605491	0		
104149404	348	 -122.04422	37.90574	-1.0	23.5.2012	17:59:17	3	24.00491969252144	17.399999	0.14301570676679198	8.001639897507147	0		
104149404	349	 -122.04438	37.9059	-1.0	23.5.2012	17:59:20	3	22.98960493203062	15.5	0.17440982237540467	7.663201644010207	0		
104149404	350	 -122.04461	37.90601	-1.0	23.5.2012	17:59:23	3	21.99328241627292	18.6	0.20628973863796565	7.331094138757639	0		
104149404	351	 -122.04491	37.90607	-1.0	23.5.2012	17:59:26	3	19.504968414546212	15.5	0.19719505552390823	6.501656138182071	0		
104149404	352	 -122.04509	37.90612	-1.0	23.5.2012	17:59:29	3	15.107665778172471	8.699999	0.10645943322903303	5.035888592724157	1		
104149404	353	 -122.04515	37.9062	-1.0	23.5.2012	17:59:32	3	12.781119101647631	3.7	0.040680132022112604	4.260373033882543	2		
104149404	354	 -122.04517	37.90623	-1.0	23.5.2012	17:59:35	3	13.510434402163073	6.199999	0.17160760389720484	4.503478134054357	1		
104149404	355	 -122.04532	37.90629	-1.0	23.5.2012	17:59:38	3	17.71420075918491	13.699999	0.2400029418787355	5.904733586394969	0		
104149404	356	 -122.04557	37.90635	-1.0	23.5.2012	17:59:41	3	20.788781431371152	18.0	0.2549114668519236	6.9295938104570505	0		
104149404	357	 -122.04581	37.90649	-1.0	23.5.2012	17:59:44	3	23.172988714996364	18.0	0.24094734800099862	7.7243295716654545	0		
104149404	358	 -122.04597	37.90669	-1.0	23.5.2012	17:59:47	3	25.114600953789726	19.899999	0.22148572964317148	8.371533651263242	0		
104149404	359	 -122.04605	37.90695	-1.0	23.5.2012	17:59:50	3	27.065668732466804	22.399999	0.22213029711517887	9.021889577488935	0		
104149404	360	 -122.04623	37.90718	-1.0	23.5.2012	17:59:53	3	29.618708315130704	22.399999	0.22476408594411376	9.872902771710235	0		
104149404	361	 -122.04658	37.90732	-1.0	23.5.2012	17:59:56	3	32.95812969747349	26.1	0.1738583887092063	10.986043232491163	0		
104149404	362	 -122.047	37.90743	-1.0	23.5.2012	17:59:59	3	35.242636286006224	29.2	0.06050111956155955	11.747545428668742	0		
104149404	363	 -122.04744	37.90753	-1.0	23.5.2012	18:0:2	3	35.85564203501615	28.6	0.06558177588896977	11.951880678338718	0		
104149404	364	 -122.04786	37.90763	-1.0	23.5.2012	18:0:5	3	34.77432200186356	28.0	0.14926637844167853	11.591440667287854	0		
104149404	365	 -122.04827	37.9077	-1.0	23.5.2012	18:0:8	3	32.83637315549478	25.5	0.18317702047553389	10.945457718498261	0		
104149404	366	 -122.04865	37.90766	-1.0	23.5.2012	18:0:11	3	31.029495115739614	25.5	0.22378368616348107	10.34316503857987	0		
104149404	367	 -122.04896	37.90749	-1.0	23.5.2012	18:0:14	3	29.499150562128104	24.2	0.3150193539056026	9.833050187376035	0		
104149404	368	 -122.04925	37.90729	-1.0	23.5.2012	18:0:17	3	26.484082520010954	24.2	0.39605794791035065	8.828027506670319	0		
104149404	369	 -122.04951	37.90712	-1.0	23.5.2012	18:0:20	3	20.698184103533706	16.799999	0.3158997457138127	6.8993947011779015	1		
104149404	370	 -122.04961	37.90705	-1.0	23.5.2012	18:0:23	3	14.375065019465653	3.099999	0.02452857367238924	4.791688339821884	1		
104149404	371	 -122.04969	37.90707	-1.0	23.5.2012	18:0:26	3	15.059269261449337	9.3	0.3772995838562309	5.019756420483112	0		
104149404	372	 -122.04982	37.90719	-1.0	23.5.2012	18:0:29	3	21.045433153375605	14.3	0.47677588966087825	7.015144384458535	0		
104149404	373	 -122.05001	37.90741	-1.0	23.5.2012	18:0:32	3	27.500740695345744	25.5	0.3849755394117768	9.166913565115248	0		
104149404	374	 -122.05026	37.90769	-1.0	23.5.2012	18:0:35	3	31.79355746802444	26.7	0.20741741360484878	10.597852489341479	0		
104149404	375	 -122.05055	37.90794	-1.0	23.5.2012	18:0:38	3	33.59161694314693	26.7	0.008399277083910748	11.197205647715643	0		
104149404	376	 -122.05089	37.90813	-1.0	23.5.2012	18:0:41	3	33.99194677911171	26.1	0.2959019082884355	11.33064892637057	0		
104149404	377	 -122.05125	37.90832	-1.0	23.5.2012	18:0:44	3	32.39227667318718	27.299999	0.5762279335093056	10.797425557729062	0		
104149404	378	 -122.05159	37.90851	-1.0	23.5.2012	18:0:47	3	27.101176521128878	25.5	0.6944953977004928	9.03372550704296	0		
104149404	379	 -122.05188	37.90867	-1.0	23.5.2012	18:0:50	3	18.52009263155195	18.6	0.5878847810565667	6.173364210517317	1		
104149404	380	 -122.05202	37.90879	-1.0	23.5.2012	18:0:53	3	7.492986501991394	6.8	0.3795128332176152	2.4976621673304646	1		
104149404	381	 -122.05207	37.90886	-1.0	23.5.2012	18:2:7	74	66.98045296009941	11.8	0.4345164636279707	0.9051412562175596	0		
104149404	382	 -122.05226	37.90898	-1.0	23.5.2012	18:2:10	3	19.689034634377286	17.399999	0.4905354557234288	6.563011544792428	0		
104149404	383	 -122.05257	37.90903	-1.0	23.5.2012	18:2:13	3	24.04354679512622	22.399999	0.5129304925046149	8.014515598375406	0		
104149404	384	 -122.05296	37.90894	-1.0	23.5.2012	18:2:16	3	30.094754655706865	29.2	0.3108235411903127	10.031584885235622	0		
104149404	385	 -122.05342	37.90878	-1.0	23.5.2012	18:2:19	3	33.838988514897956	32.900001	0.11920376215544891	11.279662838299318	0		
104149404	386	 -122.05389	37.90862	-1.0	23.5.2012	18:2:22	3	32.396388204404	30.6	0.5460851497365161	10.798796068134665	0		
104149404	387	 -122.05428	37.90847	-1.0	23.5.2012	18:2:25	3	25.85312252871751	23.6	0.6870525334517186	8.617707509572503	0		
104149404	388	 -122.05456	37.90836	-1.0	23.5.2012	18:2:28	3	16.31977106155163	14.899999	0.5726847467636723	5.439923687183877	1		
104149404	389	 -122.05466	37.90833	-1.0	23.5.2012	18:2:31	3	5.506195793174425	1.899999	0.35759414982413207	1.8353985977248082	1		
104149404	390	 -122.05477	37.90829	-1.0	23.5.2012	18:2:52	21	70.50758773126294	13.0	0.48859758262370995	3.357504177679188	0		
104149404	391	 -122.05501	37.9082	-1.0	23.5.2012	18:2:55	3	24.030921982892306	20.5	0.5231891176348307	8.010307327630768	0		
104149404	392	 -122.05536	37.90808	-1.0	23.5.2012	18:2:58	3	27.577040998842186	26.7	0.5792597718397315	9.192346999614061	0		
104149404	393	 -122.05577	37.90793	-1.0	23.5.2012	18:3:1	3	32.38447185448162	31.1	0.4671649318743675	10.794823951493873	0		
104149404	394	 -122.05622	37.90776	-1.0	23.5.2012	18:3:4	3	36.401455522217894	32.299999	0.22972605981245092	12.133818507405964	0		
104149404	395	 -122.05667	37.9076	-1.0	23.5.2012	18:3:7	3	38.111069130547754	31.7	0.019884293135741162	12.703689710182585	0		
104149404	396	 -122.05711	37.90744	-1.0	23.5.2012	18:3:10	3	37.9870897052721	30.399999	0.2064811319626071	12.6623632350907	0		
104149404	397	 -122.05753	37.9073	-1.0	23.5.2012	18:3:13	3	35.78136811866958	28.6	0.38447361956216425	11.927122706223194	0		
104149404	398	 -122.05791	37.90717	-1.0	23.5.2012	18:3:16	3	31.817775297224582	23.0	0.5331240633887484	10.605925099074861	0		
104149404	399	 -122.0582	37.90707	-1.0	23.5.2012	18:3:19	3	26.110992967204066	20.5	0.5940849204435155	8.703664322401355	0		
104149404	400	 -122.05847	37.90698	-1.0	23.5.2012	18:3:22	3	19.728719553290922	14.899999	0.3813104568689443	6.576239851096974	1		
104149404	401	 -122.0586	37.90696	-1.0	23.5.2012	18:3:25	3	13.532801349823119	6.8	0.2757520981499068	4.510933783274373	1		
104149404	402	 -122.0587	37.90706	-1.0	23.5.2012	18:3:28	3	16.508158384717277	13.699999	0.7348330096989217	5.5027194615724255	0		
104149404	403	 -122.0587	37.90729	-1.0	23.5.2012	18:3:31	3	24.91079789403477	21.1	0.7863407089269584	8.303599298011589	0		
104149404	404	 -122.05863	37.90761	-1.0	23.5.2012	18:3:34	3	33.45371902208134	29.2	0.6536392242254899	11.151239674027112	0		
104149404	405	 -122.05857	37.90801	-1.0	23.5.2012	18:3:37	3	40.56332721672504	34.799999	0.44604558563251984	13.52110907224168	0		
104149404	406	 -122.0586	37.90847	-1.0	23.5.2012	18:3:40	3	45.42089494708774	37.900001	0.20566944014142902	15.140298315695913	0		
104149404	407	 -122.05868	37.90894	-1.0	23.5.2012	18:3:43	3	47.52328751158936	39.099998	0.04923901165891168	15.841095837196454	0		
104149404	408	 -122.05878	37.90942	-1.0	23.5.2012	18:3:46	3	47.35560074733089	37.900001	0.30214635025011677	15.785200249110297	0		
104149404	409	 -122.05897	37.90985	-1.0	23.5.2012	18:3:49	3	44.14726112533416	37.299999	0.586134260784655	14.715753708444721	0		
104149404	410	 -122.05924	37.91021	-1.0	23.5.2012	18:3:52	3	38.3699663346264	32.299999	0.7274340122654641	12.7899887782088	0		
104149404	411	 -122.05947	37.91051	-1.0	23.5.2012	18:3:55	3	29.61901607415076	23.6	0.6108402838784589	9.873005358050253	0		
104149404	412	 -122.05961	37.91069	-1.0	23.5.2012	18:3:58	3	19.951647806427292	10.6	0.23334917867269614	6.6505492688090975	1		
104149404	413	 -122.05965	37.91075	-1.0	23.5.2012	18:4:1	3	13.751176537217317	1.899999	0.048273461692824066	4.583725512405772	1		
104149404	414	 -122.05966	37.91076	-1.0	23.5.2012	18:4:6	5	26.077816345468527	3.7	0.34983528007086984	5.215563269093705	0		
104149404	415	 -122.05976	37.91086	-1.0	23.5.2012	18:4:9	3	18.631913314314748	16.2	0.381670641666191	6.2106377714382495	0		
104149404	416	 -122.05992	37.91106	-1.0	23.5.2012	18:4:12	3	17.475986987000784	19.299999	0.3046594594062252	5.825328995666928	1		
104149404	417	 -122.06004	37.91127	-1.0	23.5.2012	18:4:15	3	12.828832223830142	18.0	0.25503849465018674	4.276277407943381	2		
104149404	418	 -122.06009	37.91145	-1.0	23.5.2012	18:4:18	3	6.210271283032593	9.899999	0.1645672726985306	2.0700904276775307	1		
104149404	419	 -122.0601	37.91155	-1.0	23.5.2012	18:4:49	31	54.44174703731895	11.199999	0.4209537374001999	1.756185388300611	0		
104149404	420	 -122.06019	37.91172	-1.0	23.5.2012	18:4:52	3	17.081838984984984	18.0	0.5248901235687422	5.693946328328328	0		
104149404	421	 -122.06043	37.91179	-1.0	23.5.2012	18:4:55	3	21.907770020483873	16.2	0.6299287021511559	7.302590006827958	0		
104149404	422	 -122.06078	37.9118	-1.0	23.5.2012	18:4:58	3	28.673964406047617	22.399999	0.5829503090395081	9.557988135349206	0		
104149404	423	 -122.06127	37.91184	-1.0	23.5.2012	18:5:1	3	34.88932948555292	29.799999	0.4004210265347264	11.629776495184307	0		
104149404	424	 -122.06177	37.91185	-1.0	23.5.2012	18:5:4	3	37.766183151903796	29.799999	0.18497998577796015	12.588727717301266	0		
104149404	425	 -122.06225	37.9118	-1.0	23.5.2012	18:5:7	3	39.25564320155634	31.1	0.0055393224718955315	13.08521440051878	0		
104149404	426	 -122.06272	37.91174	-1.0	23.5.2012	18:5:10	3	39.740842644531895	30.399999	0.18956822512873275	13.246947548177298	0		
104149404	427	 -122.06321	37.91176	-1.0	23.5.2012	18:5:13	3	39.03767007573294	29.799999	0.38875474114924236	13.01255669191098	0		
104149404	428	 -122.06368	37.91185	-1.0	23.5.2012	18:5:16	3	35.44922514280297	29.799999	0.5230354838441519	11.816408380934325	0		
104149404	429	 -122.0641	37.91193	-1.0	23.5.2012	18:5:19	3	28.66062563856413	24.2	0.48260934266617955	9.553541879521378	0		
104149404	430	 -122.06436	37.912	-1.0	23.5.2012	18:5:22	3	21.350662487113503	15.5	0.26956525052317665	7.116887495704501	0		
104149404	431	 -122.06436	37.91219	-1.0	23.5.2012	18:5:25	3	20.34496963834987	17.399999	0.16404595457096147	6.781656546116623	0		
104149404	432	 -122.06427	37.91244	-1.0	23.5.2012	18:5:28	3	21.244568986567938	23.0	0.28191910122060193	7.081522995522646	0		
104149404	433	 -122.06419	37.9127	-1.0	23.5.2012	18:5:31	3	18.932770282994113	21.1	0.4088236538457446	6.310923427664704	1		
104149404	434	 -122.06414	37.91292	-1.0	23.5.2012	18:5:34	3	13.243092453956185	13.699999	0.3835759143838912	4.414364151318728	2		
104149404	435	 -122.06411	37.91304	-1.0	23.5.2012	18:5:37	3	5.320105189252277	5.0	0.2604449887682052	1.7733683964174256	1		
104149404	436	 -122.06409	37.91303	-1.0	23.5.2012	18:6:8	31	46.81886935977859	2.5	0.5270924284599038	1.5102861083799544	0		
104149404	437	 -122.06406	37.91315	-1.0	23.5.2012	18:6:11	3	21.035444500875364	16.2	0.6336188551802827	7.011814833625121	0		
104149404	438	 -122.064	37.91341	-1.0	23.5.2012	18:6:14	3	28.092929045054202	26.1	0.7511503457208535	9.364309681684734	0		
104149404	439	 -122.06393	37.91379	-1.0	23.5.2012	18:6:17	3	35.68705202524719	34.2	0.6963384746445929	11.89568400841573	0		
104149404	440	 -122.06391	37.91424	-1.0	23.5.2012	18:6:20	3	42.00412769958047	38.5	0.49769050322869746	14.001375899860157	0		
104149404	441	 -122.06398	37.91471	-1.0	23.5.2012	18:6:23	3	46.183432869982205	38.5	0.271368406796615	15.394477623327402	0		
104149404	442	 -122.06415	37.91517	-1.0	23.5.2012	18:6:26	3	48.60364032822086	38.5	0.10938435234665217	16.201213442740286	0		
104149404	443	 -122.06436	37.91561	-1.0	23.5.2012	18:6:29	3	49.50473975689659	38.5	0.014503119267211692	16.50157991896553	0		
104149404	444	 -122.06446	37.91609	-1.0	23.5.2012	18:6:32	3	49.93088492896491	41.0	0.08944502939893324	16.643628309654968	0		
104149404	445	 -122.06435	37.9166	-1.0	23.5.2012	18:6:35	3	49.02585293684113	40.400001	0.13103470968046124	16.341950978947043	0		
104149404	446	 -122.06408	37.917	-1.0	23.5.2012	18:6:38	3	46.10331552310322	34.799999	0.14510023892785215	15.367771841034406	0		
104149404	447	 -122.06381	37.91736	-1.0	23.5.2012	18:6:41	3	43.71259425824755	31.7	0.11849932650979669	14.570864752749182	0		
104149404	448	 -122.06357	37.91767	-1.0	23.5.2012	18:6:44	3	41.596230447987466	28.6	0.044439585813885144	13.865410149329156	0		
104149404	449	 -122.06335	37.91797	-1.0	23.5.2012	18:6:47	3	40.956102665593	28.0	0.06664259031826365	13.652034221864334	0		
104149404	450	 -122.06314	37.91829	-1.0	23.5.2012	18:6:50	3	41.5165923046181	29.799999	0.19604755407092878	13.838864101539366	0		
104149404	451	 -122.06295	37.91861	-1.0	23.5.2012	18:6:53	3	43.1337629653098	28.6	0.3210787854944555	14.3779209884366	0		
104149404	452	 -122.06276	37.91896	-1.0	23.5.2012	18:6:56	3	46.795619913799264	36.0	0.41632644704860466	15.59853997126642	0		
104149404	453	 -122.06256	37.91939	-1.0	23.5.2012	18:6:59	3	51.79569034313786	37.900001	0.461996219789615	17.26523011437929	0		
104149404	454	 -122.06234	37.91985	-1.0	23.5.2012	18:7:2	3	56.684875134384576	42.299999	0.4521865474277857	18.89495837812819	0		
104149404	455	 -122.06211	37.92038	-1.0	23.5.2012	18:7:5	3	62.03179496666152	49.7	0.39650784765669556	20.677264988887174	0		
104149404	456	 -122.06188	37.92098	-1.0	23.5.2012	18:7:8	3	66.31108372743694	51.599998	0.3188499449351247	22.103694575812312	0		
104149404	457	 -122.06163	37.92159	-1.0	23.5.2012	18:7:11	3	68.97322769426292	53.400001	0.24693491846261803	22.99107589808764	0		
104149404	458	 -122.06139	37.92222	-1.0	23.5.2012	18:7:14	3	71.07691677585542	54.099998	0.19635915608598267	23.692305591951808	0		
104149404	459	 -122.06117	37.92286	-1.0	23.5.2012	18:7:17	3	72.67289608878544	54.7	0.16523209080666124	24.224298696261812	0		
104149404	460	 -122.06097	37.92351	-1.0	23.5.2012	18:7:20	3	74.23362247153962	55.900001	0.1413370241664663	24.74454082384654	0		
104149404	461	 -122.06079	37.92418	-1.0	23.5.2012	18:7:23	3	75.85168887284097	57.799999	0.11367231482889915	25.283896290946988	0		
104149404	462	 -122.06066	37.92488	-1.0	23.5.2012	18:7:26	3	77.1697193294745	57.799999	0.08218774914575139	25.7232397764915	0		
104149404	463	 -122.06056	37.92559	-1.0	23.5.2012	18:7:29	3	77.78807708388791	58.400001	0.05724809516691324	25.929359027962636	0		
104149404	464	 -122.06048	37.9263	-1.0	23.5.2012	18:7:32	3	77.99543870799346	57.799999	0.04895073469287641	25.998479569331153	0		
104149404	465	 -122.06039	37.927	-1.0	23.5.2012	18:7:35	3	78.1268936170458	57.2	0.05651863057079494	26.0422978723486	0		
104149404	466	 -122.06032	37.9277	-1.0	23.5.2012	18:7:38	3	78.62043470880104	57.2	0.06693319949768901	26.206811569600347	0		
104149404	467	 -122.06025	37.92841	-1.0	23.5.2012	18:7:41	3	79.49971010672638	58.400001	0.06219687796570829	26.499903368908793	0		
104149404	468	 -122.06018	37.92912	-1.0	23.5.2012	18:7:44	3	80.49443133695424	59.7	0.0311510793295525	26.83147711231808	0		
104149404	469	 -122.06013	37.92987	-1.0	23.5.2012	18:7:47	3	81.52122914242992	61.5	0.02008778551836292	27.173743047476638	0		
104149404	470	 -122.06009	37.93062	-1.0	23.5.2012	18:7:50	3	81.14004669375568	61.5	0.06945860204530795	27.046682231251893	0		
104149404	471	 -122.06006	37.93136	-1.0	23.5.2012	18:7:53	3	79.99336011022815	59.7	0.09513087367100008	26.66445337007605	0		
104149404	472	 -122.06004	37.93207	-1.0	23.5.2012	18:7:56	3	78.4442385743317	57.2	0.09104379744987887	26.148079524777234	0		
104149404	473	 -122.06007	37.93276	-1.0	23.5.2012	18:7:59	3	77.33527470412247	56.5	0.0666057334249049	25.778424901374155	0		
104149404	474	 -122.06009	37.93344	-1.0	23.5.2012	18:8:2	3	76.73027616458951	54.099998	0.03432726287557216	25.57675872152984	0		
104149404	475	 -122.06009	37.93413	-1.0	23.5.2012	18:8:5	3	76.51937616109088	56.5	0.0011418740245868243	25.506458720363625	0		
104149404	476	 -122.0601	37.93481	-1.0	23.5.2012	18:8:8	3	76.30968064950677	55.900001	0.029372316636555137	25.436560216502258	0		
104149404	477	 -122.06012	37.93549	-1.0	23.5.2012	18:8:11	3	76.70086726386967	56.5	0.05101480112492546	25.566955754623223	0		
104149404	478	 -122.06015	37.93618	-1.0	23.5.2012	18:8:14	3	77.50651595225627	57.799999	0.0571170926839037	25.835505317418754	0		
104149404	479	 -122.06018	37.93689	-1.0	23.5.2012	18:8:17	3	78.36316206333268	57.799999	0.04611370555218837	26.121054021110893	0		
104149404	480	 -122.06022	37.9376	-1.0	23.5.2012	18:8:20	3	78.8522756596264	58.400001	0.022564613686284513	26.284091886542132	0		
104149404	481	 -122.06025	37.93832	-1.0	23.5.2012	18:8:23	3	79.2858519817057	59.0	0.005643949526223001	26.428617327235234	0		
104149404	482	 -122.06025	37.93904	-1.0	23.5.2012	18:8:26	3	79.28289487458865	59.7	0.029906405473314888	26.427631624862883	0		
104149404	483	 -122.06019	37.93977	-1.0	23.5.2012	18:8:29	3	78.97517342080384	59.0	0.04565273269062116	26.325057806934613	0		
104149404	484	 -122.06007	37.94047	-1.0	23.5.2012	18:8:32	3	78.13184274313943	57.2	0.057887675379654384	26.043947581046478	0		
104149404	485	 -122.05989	37.94115	-1.0	23.5.2012	18:8:35	3	77.77155071213312	56.5	0.07659603510378478	25.923850237377707	0		
104149404	486	 -122.05966	37.94184	-1.0	23.5.2012	18:8:38	3	77.45701614544333	58.400001	0.10129684961193534	25.819005381814446	0		
104149404	487	 -122.05937	37.94251	-1.0	23.5.2012	18:8:41	3	76.13668280410906	57.2	0.1160842842552477	25.37889426803635	0		
104149404	488	 -122.05909	37.94315	-1.0	23.5.2012	18:8:44	3	74.2950328513352	53.400001	0.10505198828818801	24.765010950445063	0		
104149404	489	 -122.05881	37.94376	-1.0	23.5.2012	18:8:47	3	72.82838478094381	52.799999	0.06730254474926103	24.276128260314604	0		
104149404	490	 -122.05854	37.94436	-1.0	23.5.2012	18:8:50	3	72.10452981655226	52.799999	0.013180928388883439	24.034843272184087	0		
104149404	491	 -122.05827	37.94496	-1.0	23.5.2012	18:8:53	3	72.01948404708887	52.2	0.04800809799344031	24.006494682362955	0		
104149404	492	 -122.058	37.94557	-1.0	23.5.2012	18:8:56	3	72.4515015326636	53.400001	0.11184249931981013	24.150500510887866	0		
104149404	493	 -122.05773	37.94618	-1.0	23.5.2012	18:8:59	3	73.3674042490774	53.400001	0.17198082522617802	24.455801416359133	0		
104149404	494	 -122.05745	37.9468	-1.0	23.5.2012	18:9:2	3	75.23489990002996	55.299999	0.21576317887101648	25.078299966676653	0		
104149404	495	 -122.05716	37.94745	-1.0	23.5.2012	18:9:5	3	77.86551713885243	58.400001	0.23049785889665952	25.955172379617476	0		
104149404	496	 -122.05686	37.94813	-1.0	23.5.2012	18:9:8	3	80.62356044370858	61.5	0.21408608317396063	26.87452014790286	0		
104149404	497	 -122.05654	37.94885	-1.0	23.5.2012	18:9:11	3	83.1071906753373	62.799999	0.17756381861793646	27.702396891779102	0		
104149404	498	 -122.05622	37.94958	-1.0	23.5.2012	18:9:14	3	84.65084445193416	64.0	0.13669040500417554	28.216948150644722	0		
104149404	499	 -122.05589	37.95032	-1.0	23.5.2012	18:9:17	3	85.88152560818666	64.599998	0.10111259871210614	28.62717520272889	0		
104149404	500	 -122.05556	37.95106	-1.0	23.5.2012	18:9:20	3	86.72884850986678	65.199996	0.07100039642011141	28.909616169955594	0		
104149404	501	 -122.05523	37.95181	-1.0	23.5.2012	18:9:23	3	87.49974893455764	65.900001	0.04149848357124511	29.166582978185883	0		
104149404	502	 -122.05489	37.95256	-1.0	23.5.2012	18:9:26	3	87.94487336371475	65.199996	0.00816575469853597	29.314957787904916	0		
104149404	503	 -122.05454	37.95331	-1.0	23.5.2012	18:9:29	3	88.13474348163825	65.900001	0.030130835450150027	29.37824782721275	0		
104149404	504	 -122.05418	37.95406	-1.0	23.5.2012	18:9:32	3	87.91988041604172	65.900001	0.07085700429196906	29.30662680534724	0		
104149404	505	 -122.05381	37.9548	-1.0	23.5.2012	18:9:35	3	87.14218627916931	64.599998	0.11036834975442072	29.04739542638977	0		
104149404	506	 -122.05345	37.95553	-1.0	23.5.2012	18:9:38	3	85.95540296845368	63.400001	0.14664924443942381	28.65180098948456	0		
104149404	507	 -122.0531	37.95624	-1.0	23.5.2012	18:9:41	3	84.5133252920652	62.799999	0.17882996457676623	28.171108430688403	0		
104149404	508	 -122.05275	37.95694	-1.0	23.5.2012	18:9:44	3	83.06204140771978	61.5	0.20414958785512083	27.68734713590659	0		
104149404	509	 -122.05249	37.95766	-1.0	23.5.2012	18:9:47	3	81.4337121181264	60.900001	0.21737788890725132	27.14457070604213	0		
104149404	510	 -122.05237	37.95838	-1.0	23.5.2012	18:9:50	3	79.42915088747715	60.299999	0.20848957065337886	26.47638362915905	0		
104149404	511	 -122.05238	37.95911	-1.0	23.5.2012	18:9:53	3	77.28283152670186	60.299999	0.15821049386986044	25.760943842233953	0		
104149404	512	 -122.05249	37.95982	-1.0	23.5.2012	18:9:56	3	74.40543823631755	55.299999	0.05271238172718783	24.801812745439182	0		
104149404	513	 -122.05273	37.96043	-1.0	23.5.2012	18:9:59	3	72.05942523125603	49.7	0.08821677621053282	24.019808410418676	0		
104149404	514	 -122.05302	37.96099	-1.0	23.5.2012	18:10:2	3	72.8389638739207	51.0	0.21509887252382057	24.279654624640234	0		
104149404	515	 -122.05334	37.9616	-1.0	23.5.2012	18:10:5	3	76.29201854781427	55.299999	0.2866026994373551	25.43067284927142	0		
104149404	516	 -122.05369	37.96226	-1.0	23.5.2012	18:10:8	3	79.95951847547808	59.7	0.29492710457084265	26.65317282515936	0		
104149404	517	 -122.05406	37.96296	-1.0	23.5.2012	18:10:11	3	83.22507828553238	62.799999	0.25775881846267107	27.741692761844124	0		
104149404	518	 -122.05444	37.96368	-1.0	23.5.2012	18:10:14	3	85.86888134254097	65.199996	0.1985242569207399	28.62296044751366	0		
104149404	519	 -122.05485	37.96442	-1.0	23.5.2012	18:10:17	3	88.01553843833804	67.099998	0.1377286032181985	29.338512812779346	0		
104149404	520	 -122.05529	37.96517	-1.0	23.5.2012	18:10:20	3	89.2014034461279	67.699996	0.092083242649796	29.7338011487093	0		
104149404	521	 -122.05577	37.9659	-1.0	23.5.2012	18:10:23	3	89.5571315650016	67.699996	0.06863883037826106	29.852377188333865	0		
104149404	522	 -122.05628	37.9666	-1.0	23.5.2012	18:10:26	3	89.84114063401867	66.5	0.05876762993878423	29.947046878006223	0		
104149404	523	 -122.05682	37.96729	-1.0	23.5.2012	18:10:29	3	90.59400700261625	67.099998	0.04480107208648263	30.198002334205416	0		
104149404	524	 -122.05739	37.96798	-1.0	23.5.2012	18:10:32	3	91.40416158658897	68.400001	0.01611295227229238	30.468053862196324	0		
104149404	525	 -122.05797	37.96868	-1.0	23.5.2012	18:10:35	3	91.80060030729375	69.599998	0.021707452770479252	30.60020010243125	0		
104149404	526	 -122.05856	37.96938	-1.0	23.5.2012	18:10:38	3	91.46411993952889	68.400001	0.05245674909891699	30.488039979842963	0		
104149404	527	 -122.05913	37.97007	-1.0	23.5.2012	18:10:41	3	90.47722170167592	67.099998	0.06330273481069613	30.15907390055864	0		
104149404	528	 -122.0597	37.97074	-1.0	23.5.2012	18:10:44	3	89.51354825495952	65.900001	0.054756692654723	29.837849418319838	0		
104149404	529	 -122.06025	37.9714	-1.0	23.5.2012	18:10:47	3	88.86547556926546	65.199996	0.038440717388486936	29.621825189755153	0		
104149404	530	 -122.06079	37.97207	-1.0	23.5.2012	18:10:50	3	88.73577085278156	65.199996	0.026684778047444995	29.578590284260518	0		
104149404	531	 -122.06135	37.97273	-1.0	23.5.2012	18:10:53	3	88.62416293528162	65.900001	0.023932957446682238	29.541387645093874	0		
104149404	532	 -122.06191	37.9734	-1.0	23.5.2012	18:10:56	3	88.50598881478976	65.900001	0.027185824737682572	29.501996271596585	0		
104149404	533	 -122.06246	37.97406	-1.0	23.5.2012	18:10:59	3	88.11229667599562	65.900001	0.03264033834137075	29.37076555866521	0		
104149404	534	 -122.06301	37.97473	-1.0	23.5.2012	18:11:2	3	87.95251711054787	65.199996	0.04203623253055535	29.31750570351596	0		
104149404	535	 -122.0635	37.97541	-1.0	23.5.2012	18:11:5	3	87.59214712887898	64.599998	0.062444069043847125	29.197382376292992	0		
104149404	536	 -122.06395	37.97612	-1.0	23.5.2012	18:11:8	3	87.52104329803777	65.199996	0.09737123006459537	29.173681099345924	0		
104149404	537	 -122.06435	37.97685	-1.0	23.5.2012	18:11:11	3	86.78620093153889	65.900001	0.13658615912692496	28.928733643846297	0		
104149404	538	 -122.06469	37.9776	-1.0	23.5.2012	18:11:14	3	85.25500213408088	65.199996	0.15957616507281708	28.418334044693626	0		
104149404	539	 -122.06497	37.97833	-1.0	23.5.2012	18:11:17	3	82.85952299277594	60.900001	0.1533176469124588	27.61984099759198	0		
104149404	540	 -122.06518	37.97903	-1.0	23.5.2012	18:11:20	3	80.80579002580397	58.400001	0.12370995667104977	26.935263341934657	0		
104149404	541	 -122.06533	37.97973	-1.0	23.5.2012	18:11:23	3	79.7364670858402	57.799999	0.08463565278188069	26.578822361946735	0		
104149404	542	 -122.06547	37.98043	-1.0	23.5.2012	18:11:26	3	78.97488315756617	58.400001	0.04077365481606597	26.324961052522056	0		
104149404	543	 -122.06561	37.98113	-1.0	23.5.2012	18:11:29	3	78.33667581401234	57.2	0.011750955311098875	26.112225271337447	0		
104149404	544	 -122.06574	37.98181	-1.0	23.5.2012	18:11:32	3	78.02040680235118	55.900001	0.07101944971249072	26.006802267450393	0		
104149404	545	 -122.06587	37.98249	-1.0	23.5.2012	18:11:35	3	78.88115299765329	57.2	0.12437211463953955	26.29371766588443	0		
104149404	546	 -122.066	37.9832	-1.0	23.5.2012	18:11:38	3	80.58421303345912	59.7	0.15815451615810464	26.861404344486374	0		
104149404	547	 -122.06614	37.98393	-1.0	23.5.2012	18:11:41	3	82.35045193247358	60.900001	0.16596461113081099	27.45015064415786	0		
104149404	548	 -122.06628	37.98467	-1.0	23.5.2012	18:11:44	3	84.22691816937325	62.799999	0.14858393890089305	28.075639389791082	0		
104149404	549	 -122.06642	37.98545	-1.0	23.5.2012	18:11:47	3	86.20506200663671	65.900001	0.11371572699567448	28.735020668878903	0		
104149404	550	 -122.06657	37.98624	-1.0	23.5.2012	18:11:50	3	87.22192189695569	65.900001	0.0747372169369148	29.0739739656519	0		
104149404	551	 -122.06673	37.98703	-1.0	23.5.2012	18:11:53	3	87.73947893928215	65.900001	0.04324532489529446	29.246492979760717	0		
104149404	552	 -122.0669	37.98782	-1.0	23.5.2012	18:11:56	3	87.98894814527178	65.900001	0.02234845970874697	29.32964938175726	0		
104149404	553	 -122.06706	37.9886	-1.0	23.5.2012	18:11:59	3	88.06458617523549	65.900001	0.00796469597177239	29.35486205841183	0		
104149404	554	 -122.06722	37.98939	-1.0	23.5.2012	18:12:2	3	88.3223983432542	65.900001	0.004059730129210242	29.440799447751402	0		
104149404	555	 -122.06738	37.99018	-1.0	23.5.2012	18:12:5	3	88.24684952180206	65.199996	0.012798905749019256	29.415616507267355	0		
104149404	556	 -122.06755	37.99096	-1.0	23.5.2012	18:12:8	3	88.08857641964688	65.199996	0.014034191707444136	29.36285880654896	0		
104149404	557	 -122.06777	37.99174	-1.0	23.5.2012	18:12:11	3	88.15092874065745	65.199996	0.005740652551088996	29.38364291355248	0		
104149404	558	 -122.06809	37.9925	-1.0	23.5.2012	18:12:14	3	88.16085964996056	65.199996	0.010002082812392836	29.38695321665352	0		
104149404	559	 -122.0685	37.99323	-1.0	23.5.2012	18:12:17	3	88.29118139058677	66.5	0.02879764106315148	29.43039379686226	0		
104149404	560	 -122.06899	37.99394	-1.0	23.5.2012	18:12:20	3	88.6785855758728	67.099998	0.04489934769591877	29.559528525290933	0		
104149404	561	 -122.06957	37.99462	-1.0	23.5.2012	18:12:23	3	89.05261552860487	67.699996	0.05016664448206136	29.684205176201626	0		
104149404	562	 -122.07025	37.99523	-1.0	23.5.2012	18:12:26	3	89.35737264795554	67.099998	0.03724325054334365	29.78579088265185	0		
104149404	563	 -122.071	37.9958	-1.0	23.5.2012	18:12:29	3	89.83000741086767	67.099998	0.008154478208024287	29.943335803622556	0		
104149404	564	 -122.07175	37.99637	-1.0	23.5.2012	18:12:32	3	89.84514175436078	67.699996	0.025078126189704304	29.94838058478693	0		
104149404	565	 -122.07248	37.99694	-1.0	23.5.2012	18:12:35	3	89.41009202587152	67.099998	0.050322152781350396	29.80336400862384	0		
104149404	566	 -122.0732	37.99752	-1.0	23.5.2012	18:12:38	3	88.78021568647895	65.900001	0.06358376731784275	29.593405228826317	0		
104149404	567	 -122.07391	37.99808	-1.0	23.5.2012	18:12:41	3	87.80807860331983	63.400001	0.07060662096900702	29.269359534439943	0		
104149404	568	 -122.07461	37.99861	-1.0	23.5.2012	18:12:44	3	87.21402839866663	62.799999	0.07946132512904493	29.07134279955554	0		
104149404	569	 -122.07532	37.99917	-1.0	23.5.2012	18:12:47	3	87.09321093401863	66.5	0.08595396899636257	29.031070311339544	0		
104149404	570	 -122.07602	37.99975	-1.0	23.5.2012	18:12:50	3	85.86197979135426	64.599998	0.07265375433434576	28.62065993045142	0		
104149404	571	 -122.07664	38.00032	-1.0	23.5.2012	18:12:53	3	84.03267532584304	60.299999	0.03155564705107066	28.010891775281014	0		
104149404	572	 -122.07724	38.00087	-1.0	23.5.2012	18:12:56	3	83.58772261343194	60.299999	0.02053757336388102	27.862574204477312	0		
104149404	573	 -122.07786	38.00143	-1.0	23.5.2012	18:12:59	3	84.40058557262084	61.5	0.0571674342134856	28.133528524206948	0		
104149404	574	 -122.0785	38.002	-1.0	23.5.2012	18:13:2	3	85.42243457298026	63.400001	0.06480813809752328	28.47414485766009	0		
104149404	575	 -122.07915	38.00259	-1.0	23.5.2012	18:13:5	3	86.36899434130083	64.599998	0.04588411743955699	28.78966478043361	0		
104149404	576	 -122.07981	38.00318	-1.0	23.5.2012	18:13:8	3	86.89785121407716	64.599998	0.007490401248012816	28.96595040469239	0		
104149404	577	 -122.08046	38.00378	-1.0	23.5.2012	18:13:11	3	87.14040131240412	64.599998	0.048025288751158225	29.04680043746804	0		
104149404	578	 -122.08112	38.00438	-1.0	23.5.2012	18:13:14	3	86.93550839053944	65.199996	0.1244386406902526	28.97850279684648	0		
104149404	579	 -122.08177	38.00498	-1.0	23.5.2012	18:13:17	3	85.95716482793381	64.599998	0.22954989633281686	28.652388275977938	0		
104149404	580	 -122.0824	38.00556	-1.0	23.5.2012	18:13:20	3	84.11727180327075	62.799999	0.3695178038377547	28.03909060109025	0		
104149404	581	 -122.08299	38.00617	-1.0	23.5.2012	18:13:23	3	81.31909590757007	61.5	0.5318574997792894	27.106365302523358	0		
104149404	582	 -122.08352	38.00677	-1.0	23.5.2012	18:13:26	3	76.00838307822049	58.400001	0.6663248009557993	25.336127692740163	0		
104149404	583	 -122.08399	38.00731	-1.0	23.5.2012	18:13:29	3	68.6376228790817	50.299999	0.6914101655722051	22.879207626360568	0		
104149404	584	 -122.08449	38.00774	-1.0	23.5.2012	18:13:32	3	60.869778582594876	45.400001	0.5453617320498193	20.28992619419829	0		
104149404	585	 -122.08505	38.00797	-1.0	23.5.2012	18:13:35	3	54.43695870414109	39.099998	0.2646938772073049	18.145652901380362	0		
104149404	586	 -122.08562	38.00804	-1.0	23.5.2012	18:13:38	3	51.55147269035013	37.299999	8.732584075402618E-4	17.18382423011671	0		
104149404	587	 -122.08621	38.00798	-1.0	23.5.2012	18:13:41	3	52.35773249193281	39.799999	0.11362108960475698	17.452577497310937	0		
104149404	588	 -122.08682	38.00783	-1.0	23.5.2012	18:13:44	3	54.69131090995705	42.900001	0.054204287721756166	18.230436969985686	0		
104149404	589	 -122.08748	38.00764	-1.0	23.5.2012	18:13:47	3	56.31358647170824	46.0	0.11593333916294003	18.771195490569415	0		
104149404	590	 -122.08813	38.00745	-1.0	23.5.2012	18:13:50	3	55.179986261518984	44.099998	0.3236065038900952	18.39332875383966	0		
104149404	591	 -122.08876	38.00729	-1.0	23.5.2012	18:13:53	3	51.66264432854049	41.0	0.515627819945385	17.220881442846828	0		
104149404	592	 -122.0893	38.00715	-1.0	23.5.2012	18:13:56	3	45.79057037103705	32.900001	0.662158078185979	15.263523457012349	0		
104149404	593	 -122.08975	38.00704	-1.0	23.5.2012	18:13:59	3	38.77666140391298	28.6	0.7387671704013167	12.925553801304327	0		
104149404	594	 -122.09013	38.00696	-1.0	23.5.2012	18:14:2	3	30.885917039450007	22.399999	0.6942818482704617	10.29530567981667	0		
104149404	595	 -122.09038	38.00691	-1.0	23.5.2012	18:14:5	3	22.69463835799969	13.0	0.43219760151712233	7.564879452666563	0		
104149404	596	 -122.09054	38.00695	-1.0	23.5.2012	18:14:8	3	18.739499756012588	12.399999	0.045454752018259284	6.246499918670863	0		
104149404	597	 -122.09064	38.00714	-1.0	23.5.2012	18:14:11	3	21.011182180953607	19.899999	0.39902921823983334	7.003727393651203	0		
104149404	598	 -122.09072	38.0074	-1.0	23.5.2012	18:14:14	3	24.890877101966126	23.0	0.4834408433421456	8.296959033988708	0		
104149404	599	 -122.09068	38.0077	-1.0	23.5.2012	18:14:17	3	29.32630896193857	25.5	0.41749043718160567	9.77543632064619	0		
104149404	600	 -122.09049	38.00801	-1.0	23.5.2012	18:14:20	3	33.49777874550297	28.6	0.2817446969799988	11.16592624850099	0		
104149404	601	 -122.09028	38.00834	-1.0	23.5.2012	18:14:23	3	36.13933358294671	30.399999	0.11816253898665492	12.046444527648903	0		
104149404	602	 -122.09007	38.00867	-1.0	23.5.2012	18:14:26	3	37.04254080803253	29.799999	0.0517839563475587	12.347513602677509	0		
104149404	603	 -122.08987	38.00899	-1.0	23.5.2012	18:14:29	3	36.53887358082545	28.0	0.2225627763387525	12.179624526941817	0		
104149404	604	 -122.08967	38.00929	-1.0	23.5.2012	18:14:32	3	34.617473329362575	27.299999	0.38145897729405726	11.539157776454191	0		
104149404	605	 -122.08949	38.00958	-1.0	23.5.2012	18:14:35	3	30.88078908145647	24.2	0.4842831506461885	10.29359636048549	0		
104149404	606	 -122.08934	38.00982	-1.0	23.5.2012	18:14:38	3	24.95211365161876	18.6	0.4652120243198467	8.317371217206253	0		
104149404	607	 -122.08926	38.01001	-1.0	23.5.2012	18:14:41	3	19.00673658729686	14.899999	0.3104571110035691	6.335578862432286	0		
104149404	608	 -122.08942	38.01012	-1.0	23.5.2012	18:14:44	3	16.27428242490301	14.3	0.13273414038273987	5.424760808301003	0		
104149404	609	 -122.08963	38.01019	-1.0	23.5.2012	18:14:47	3	15.32192374653578	14.899999	0.04502340563210871	5.107307915511927	1		
104149404	610	 -122.08979	38.01026	-1.0	23.5.2012	18:14:50	3	14.369778344636954	8.1	0.021170240882348014	4.789926114878985	2		
104149404	611	 -122.08992	38.01031	-1.0	23.5.2012	18:14:53	3	13.879451591514373	11.199999	0.007289690230921275	4.626483863838124	2		
104149404	612	 -122.09009	38.01037	-1.0	23.5.2012	18:14:56	3	14.10394071084914	11.8	0.010537989696839488	4.701313570283046	2		
104149404	613	 -122.0902	38.01041	-1.0	23.5.2012	18:14:59	3	13.682051286712326	7.5	0.026829776217584717	4.560683762237442	2		
104149404	614	 -122.09037	38.01046	-1.0	23.5.2012	18:15:2	3	14.702882610883567	12.399999	0.03346239278264528	4.900960870294522	2		
104149404	615	 -122.09056	38.01048	-1.0	23.5.2012	18:15:5	3	14.74401954748565	10.6	0.022235272934910587	4.914673182495217	2		
104149404	616	 -122.0907	38.01048	-1.0	23.5.2012	18:15:8	3	14.751362325790057	9.3	0.019481315863866103	4.917120775263352	1		
104149404	617	 -122.09088	38.01049	-1.0	23.5.2012	18:15:11	3	15.803293257573355	11.8	0.12418679103541783	5.267764419191118	0		
104149404	618	 -122.09108	38.01051	-1.0	23.5.2012	18:15:14	3	15.571369922990817	14.3	0.2547131320166585	5.190456640996939	1		
104149404	619	 -122.09129	38.01057	-1.0	23.5.2012	18:15:17	3	13.547026910102131	13.0	0.32328834196730905	4.515675636700711	3		
104149404	620	 -122.09144	38.01065	-1.0	23.5.2012	18:15:20	3	9.285904789921307	10.6	0.283178277310192	3.095301596640436	4		
104149404	621	 -122.09154	38.0107	-1.0	23.5.2012	18:15:23	3	3.972809260865961	4.3	0.1870107029518382	1.324269753621987	7		
104149404	622	 -122.09157	38.01066	-1.0	23.5.2012	18:17:18	115	16.154034623682453	1.2	0.027156418876211345	0.1404698662928909	5		
104149404	623	 -122.09153	38.01066	-1.0	23.5.2012	18:17:21	3	2.328340569065267	1.899999	0.014103100073761275	0.7761135230217557	6		
104149404	624	 -122.0915	38.01067	-1.0	23.5.2012	18:17:24	3	1.9932206095145029	1.899999	5.593733094541043E-4	0.6644068698381677	6		
104149404	625	 -122.09146	38.01068	-1.0	23.5.2012	18:17:27	3	1.8367135391492773	1.899999	0.018614915717785764	0.6122378463830924	6		
104149404	626	 -122.09144	38.01069	-1.0	23.5.2012	18:17:30	3	1.232552772076317	1.899999	0.028469380507278395	0.410850924025439	7		
104149404	627	 -122.09142	38.0107	-1.0	23.5.2012	18:17:33	3	0.6563332344834438	1.899999	0.025102845298931045	0.21877774482781462	7	stopPointStart	endOfFile
